787
20.811700 -32.379700
30.738200 -0.601900
17.583800 -19.202200
28.188200 -15.277900
38.679800 8.895200
37.252500 -1.127100
-4.014000 14.496700
13.611600 -1.655700
36.803700 -1.273900
38.765600 9.029200
25.596650 -25.015100
25.255500 -28.614100
-4.856560 6.670160
18.424220 5.176360
42.846634 11.530725
5.528380 22.791491
-6.856900 33.988100
31.829200 29.927500
-4.614000 32.817000
9.073000 34.338000
2.730000 36.303000
-2.939200 35.289902
37.252300 -1.126800
13.088500 32.122398
36.803699 -1.273900
20.877600 32.522598
-4.301000 35.173000
17.091499 -22.569099
32.483000 0.053600
35.748000 -6.186000
19.762000 -31.482000
33.241000 -8.983000
17.100000 -22.566700
39.741800 9.582700
38.766500 9.034900
26.016000 -15.747000
21.253000 -28.362000
35.350000 -15.383300
28.611000 -20.143000
25.332000 -27.182000
25.497000 -30.605000
31.707000 -27.346000
11.456000 3.870000
26.508000 -33.313000
39.635000 11.118000
-0.368420 6.192320
34.035000 -11.434000
27.625000 -28.323000
30.022700 -25.994900
28.209000 -12.814000
32.188301 -26.291700
27.771400 -28.275280
29.236660 -1.660000
0.043890 5.881360
26.376600 -33.276800
27.485000 -11.631000
22.757000 -29.670000
7.417420 6.866850
7.640280 10.430500
23.090000 -15.150000
31.398000 -23.517000
33.241000 -2.866000
36.803700 -1.273900
28.530000 -8.280000
4.456920 7.546667
40.167000 -10.250000
27.422000 -26.424000
31.009000 -17.704000
33.576800 -16.146700
30.024000 -22.449000
30.063320 -1.963390
19.764800 -17.909600
25.562000 -32.712000
-4.565900 32.524500
-4.617100 32.231700
-5.030000 33.128000
-4.191400 31.568000
-4.391300 32.084400
-5.319700 33.720500
-4.106800 31.291200
-3.995800 31.046300
-4.653700 32.349900
-4.897900 32.995300
-5.336800 35.213400
-4.311900 34.930800
-4.986300 35.227500
-5.152500 35.402600
-4.888000 32.875700
-4.271800 31.863400
-4.242700 31.431800
-4.608400 34.850500
-5.126700 34.552200
-4.699700 34.469400
-5.654300 35.701600
-4.935400 34.672300
-5.771300 35.510400
-5.639000 35.308600
-5.130800 34.142700
-4.739000 32.718600
-4.708200 35.144800
-5.347100 35.610100
-5.136800 34.737900
-5.295400 34.391400
-3.694800 35.130400
-4.819500 34.150000
-5.102400 33.307900
-3.150600 34.950700
-2.610400 34.889000
-3.735900 34.889400
13.548000 7.265000
9.355000 5.723000
11.268000 2.385000
-5.032900 33.906400
-2.873700 34.838500
11.456000 3.870000
-2.210400 34.907500
14.372000 10.619000
-5.114500 35.027300
13.385000 9.347000
-5.107100 33.294700
14.288000 6.523000
11.634000 4.481000
12.312000 5.546000
9.933000 5.034000
13.268000 6.477000
12.620000 6.467000
14.358000 4.422000
13.950000 9.757000
13.188000 3.980000
11.232000 5.975000
10.793000 6.370000
15.262000 10.327000
10.572000 5.480000
-4.289700 31.414000
-4.271500 31.823000
10.619000 4.223000
10.054000 6.225000
11.811000 6.760000
9.462000 4.588000
15.034000 3.519000
13.237000 8.469000
11.959000 2.979000
9.863000 3.909000
13.289000 2.698000
-4.719500 32.706300
12.667000 7.359000
39.763550 13.353500
40.984890 12.494780
40.858479 13.203960
40.496899 13.446300
40.461231 12.252590
40.217831 14.228970
40.976952 12.040150
40.394009 13.725140
40.007721 13.842210
40.314812 12.481250
40.316910 13.101240
40.278400 14.088870
40.703701 11.989220
41.004330 11.792580
39.588539 13.694490
41.442200 11.560700
39.534302 12.783200
40.315971 12.068120
40.528332 13.488170
40.983860 12.841830
40.021801 11.194900
40.962490 11.686840
40.657890 13.604490
15.979900 -20.018000
15.440500 -21.352100
20.825300 -20.250500
17.853100 -21.490200
19.439800 -19.194900
15.059900 -17.886900
16.809100 -21.209000
18.459700 -17.770300
16.636400 -18.409300
18.218700 -20.407300
17.943600 -26.841192
17.491323 -27.915555
16.828016 -25.880621
17.931368 -24.598499
16.039537 -23.861238
19.119960 -24.135472
19.743596 -24.649983
19.647346 -26.798342
16.996233 -24.846022
40.316100 12.484100
40.273400 12.327900
40.316000 12.068100
41.004400 11.792600
40.018800 11.597900
40.765000 11.423800
40.858500 13.204000
41.187900 12.407000
40.976900 12.040100
40.884000 11.607200
41.188300 12.170400
40.982600 12.841500
40.071900 12.067300
40.355600 12.644300
40.962500 11.686800
41.188600 12.170700
41.338100 11.490600
40.598200 12.410600
41.139600 12.735100
28.703229 -24.659246
29.744509 -24.415185
28.391223 -23.589013
27.575478 -24.461632
27.566900 -25.367450
28.378838 -24.789976
26.400268 -25.472340
30.932440 -24.412740
27.317030 -24.915660
30.174920 -22.906550
30.175880 -25.364780
29.361029 -24.825484
28.152780 -24.375850
28.882910 -24.211900
28.523970 -25.239190
30.173907 -23.928297
28.243040 -22.802590
27.845210 -26.090527
27.056940 -23.814330
29.527368 -23.700916
28.079670 -25.421530
28.875164 -23.399585
29.438377 -25.456695
29.633000 -4.878000
36.704000 -2.741000
31.061300 -6.351900
36.990200 -7.403500
34.830200 -8.846500
31.041400 -7.509400
35.650700 -10.673800
32.771200 -9.295800
31.812000 -1.364000
32.319000 0.231000
31.670000 -1.838000
30.713000 -3.583000
35.313200 -8.305700
30.087000 -4.573000
34.791100 -9.366500
30.424000 -4.282000
35.300100 -9.757600
30.282000 0.663000
33.600000 1.626000
31.392000 0.581000
31.326000 1.819000
33.182000 0.446000
33.157500 -8.416600
30.393400 -5.104900
32.059100 -8.566000
34.167000 1.070000
31.619500 -7.953100
37.669600 -6.827900
28.874900 -11.140000
35.686400 -7.762000
29.612300 -12.021900
32.645700 -10.170800
25.021300 -13.144200
26.367000 -12.171000
30.215000 -13.227500
29.871000 -0.138000
29.921000 -10.249800
31.316000 -2.638000
31.737000 -0.315000
31.451700 -11.821000
32.217000 -2.881000
25.833700 -13.456800
25.495200 -12.111600
34.028400 -8.826300
29.992000 -1.254000
31.140100 -10.217400
31.739700 -11.192500
33.867300 -9.598600
24.804400 -14.794800
28.701700 -10.058200
31.069100 -10.950500
32.642000 -3.832000
29.379100 -13.603500
39.635100 11.118000
42.034700 9.421360
37.454000 12.559000
34.096800 -9.264700
34.215800 -9.453900
34.028300 -8.826100
33.332700 -9.081800
33.773600 -9.188100
33.968900 -8.959300
33.521300 -9.150200
34.436400 -9.293600
33.751300 -9.331800
33.984600 -9.430900
33.566300 -8.726100
33.342100 -9.282900
33.250400 -8.999600
33.657300 -9.000000
33.494400 -9.509000
34.386400 -8.764800
33.188000 -9.400500
34.584100 -9.592100
34.600500 -10.478200
35.021400 -9.274500
34.801600 -8.843700
35.254500 -10.683500
35.674400 -10.675400
34.579200 -10.142100
34.473800 -9.853600
35.338300 -10.465900
35.650600 -10.112800
35.457700 -11.199600
34.883100 -10.762600
35.300100 -9.757600
33.168200 -8.387200
34.791900 -11.248400
34.681300 -10.880700
34.937300 -9.862100
35.102600 -9.547200
34.785900 -9.469600
36.046300 -10.692200
34.936500 -10.127700
35.312900 -9.294400
33.433700 -8.543400
24.132000 -20.218400
22.542700 -18.913200
22.749400 -20.549000
21.994400 -18.579400
23.526900 -19.901100
24.513900 -20.474200
25.581100 -21.392800
27.228600 -22.824600
23.826800 -19.630500
24.763500 -21.120700
34.120500 -13.721200
34.296400 -11.610000
34.911200 -14.085200
21.791800 -18.295000
33.006100 -13.707300
34.046400 -12.108500
35.180600 -14.548000
33.559900 -13.724000
33.824500 -13.678800
34.193100 -10.683800
35.225900 -15.062600
30.442400 -12.939000
32.588900 -13.563600
35.030400 -13.292300
36.745300 -13.349600
29.994800 -12.296000
31.931400 -13.254600
30.878400 -13.166700
32.221000 -13.305800
30.135800 -12.696500
35.658400 -13.330900
34.974700 -15.681800
31.775400 -13.120600
34.383400 -13.762700
37.498600 -13.196700
30.627600 -13.075000
35.242500 -13.308800
34.870000 -13.407800
22.196500 -18.746200
22.193700 -19.662600
34.595900 -13.742100
22.316500 -19.015900
22.909400 -19.293800
26.718400 -22.237700
22.458800 -20.164500
34.165200 -12.620800
32.382800 -13.499100
34.311300 -13.216600
36.139700 -13.467100
31.514900 -13.350200
31.028700 -13.321800
36.125700 -13.395300
34.384200 -13.763000
23.139586 -29.978840
22.253285 -29.848603
22.246614 -30.977112
25.084628 -25.933360
26.164376 -24.879187
27.109200 -24.838170
24.236487 -27.883287
30.020153 -22.981102
23.225711 -28.932072
22.072947 -31.910296
27.149000 -25.898100
25.020910 -26.995170
29.074292 -23.005909
26.284484 -26.865464
25.125923 -27.845870
23.404610 -27.930432
20.226201 -31.977606
28.611309 -20.142962
24.305628 -28.632814
21.268124 -30.925116
28.161824 -24.846870
19.245956 -34.294456
27.166184 -23.872155
24.022600 -29.868200
26.195300 -29.022100
28.156664 -23.862775
29.846441 -20.636092
24.832800 -28.905600
28.298102 -22.979977
25.032300 -29.903800
27.294300 -27.862500
24.165050 -27.071478
29.213375 -22.262315
20.946637 -29.965032
23.721191 -25.970525
30.919113 -20.755746
28.100000 -26.800000
30.517333 -20.021103
26.266200 -25.851900
22.195118 -28.950316
19.620600 -32.850500
22.009117 -27.966232
23.034920 -26.931737
29.216300 -24.894800
24.959381 -23.851930
31.317909 -19.959257
24.464044 -24.837265
30.935691 -21.923031
27.179300 -26.898600
26.335168 -21.088251
28.999072 -20.860109
26.081958 -23.658299
21.534600 -32.605000
26.180300 -27.545600
25.134964 -24.850534
30.277610 -21.853669
27.221759 -22.818254
26.372742 -21.900455
22.986100 -30.922100
26.201713 -22.969449
27.273599 -21.885896
28.187833 -21.950409
28.340200 -22.878600
28.065600 -27.898200
30.902200 -26.032120
24.022049 -23.948131
23.913600 -30.972400
21.335400 -33.661900
29.088300 -27.018300
29.332800 -24.113400
29.222300 -25.665000
30.309140 -24.959730
26.151431 -25.895184
27.140787 -20.925778
20.266300 -33.735100
31.397280 -23.517950
30.124900 -26.877100
30.668000 -23.728800
30.066900 -25.786800
28.897467 -23.798342
29.266073 -22.304753
30.772272 -19.467072
38.981098 13.635000
39.167999 10.888300
39.033401 12.621700
38.921101 11.681300
39.629799 12.150600
40.021801 11.194900
39.534302 12.783200
39.211102 13.197700
41.573700 11.913600
40.573898 10.004500
40.757000 11.122100
40.759102 9.236910
42.096199 9.314760
41.469101 9.375300
39.037498 12.025800
41.925701 12.054560
41.310001 11.957900
39.635300 11.117880
39.763550 13.353500
40.169998 8.989730
40.378399 11.257900
39.934399 10.426500
41.442200 11.560700
39.606400 11.511600
37.996521 11.860830
42.572418 10.379810
39.587399 11.824300
40.496899 13.446300
40.007702 13.842200
41.004341 11.792580
40.858479 13.203960
40.883980 11.607280
35.998100 -3.015800
35.408600 -3.096000
35.506700 -2.993300
36.048500 -2.751000
35.690000 -2.296900
35.878500 -2.610400
36.184600 -2.627900
35.359500 -2.731600
36.047600 -2.919000
35.373600 -2.983400
35.247800 -2.958600
36.464800 -2.620700
35.886400 -2.500600
35.434000 -2.418000
36.005900 -2.630400
35.807200 -2.266200
35.702400 -2.959300
36.299100 -2.823100
35.663800 -3.343700
36.415400 -2.439400
35.835400 -2.853800
36.139500 -2.839100
36.444800 -3.230500
36.676700 -3.007000
35.687000 -3.141800
35.484200 -2.612300
36.292100 -2.992700
35.598900 -2.519500
36.692700 -1.941200
36.053600 -1.784000
35.551000 -2.062700
36.118600 -2.093200
36.287300 -1.918400
36.181300 -2.875400
35.945900 -3.204600
36.101100 -3.040000
35.533100 -2.801400
36.383300 -2.825300
36.479200 -2.842600
35.080000 -22.250000
35.032000 -17.445000
39.250000 -15.080000
32.180000 -23.830000
36.830000 -16.860000
33.570000 -16.130000
38.654770 7.294860
38.432110 7.148980
38.385040 7.223240
38.500992 7.152370
39.058128 8.181420
38.411720 7.194120
38.726318 7.737010
39.077991 8.143500
38.726170 7.844670
38.928089 7.896240
38.631409 7.098030
38.394749 7.161180
39.160759 7.760350
38.501701 7.051830
39.014141 8.040290
38.964619 8.123270
39.259369 7.541530
38.793758 7.788350
39.226139 8.125810
39.128651 7.937390
38.476089 7.198940
39.194618 8.041660
38.389919 6.743710
38.434429 7.129670
39.180901 8.182310
38.602951 7.205040
38.757702 7.716290
38.302601 7.259540
38.443981 7.260400
38.883831 7.773440
39.220718 8.256960
38.270828 7.197840
38.462070 6.966600
38.361500 7.031290
39.128330 8.121210
38.998329 8.306410
38.767200 7.801160
38.933029 8.240420
39.106339 8.218520
38.378971 7.187140
38.474442 7.248500
7.473400 36.276501
13.443900 29.163099
20.877600 32.522598
13.088500 32.122398
41.004322 11.792539
37.729000 10.308000
36.831000 7.684000
39.982000 7.027000
37.556407 6.067184
36.523471 9.088980
37.174725 7.144612
38.470229 6.928625
38.737162 9.782224
36.325854 8.439315
40.165893 8.989513
39.131691 7.972900
39.525387 9.672092
34.976029 0.979211
40.649086 10.169354
39.595639 11.834259
41.105880 9.222361
39.934849 10.422352
37.393382 11.574260
38.767000 9.035000
37.765213 8.966508
37.857257 7.563968
34.796258 0.558692
39.290703 8.567957
39.276914 7.026308
38.210143 6.161280
35.726285 0.037997
35.865423 -1.073276
38.382372 8.117087
37.781794 8.294598
35.980567 0.466233
38.002077 -1.373014
36.800000 -2.500000
39.525336 9.672332
37.729881 -2.255681
38.168715 -2.692823
37.729884 -2.255696
37.982224 8.533985
9.120000 10.055000
7.641400 10.435000
4.547000 7.550000
7.417000 6.867000
7.112000 6.243000
38.773300 -7.198100
39.514100 -8.919900
38.367000 -6.640300
37.917000 -9.789600
39.183200 -8.142600
36.682800 -8.139700
39.714900 -10.016700
40.194000 -10.277600
33.064300 2.109600
34.143300 3.510400
33.864800 1.476900
34.377500 2.369200
32.879800 3.292000
34.110400 3.000200
34.935800 1.948700
32.284800 2.877800
33.563700 2.740200
38.833000 8.162270
39.795551 8.731210
39.550400 8.508990
39.418800 8.938520
39.556580 8.062730
39.016602 9.146640
38.901901 8.540350
40.324100 8.593780
39.733898 9.592730
39.906799 7.790930
40.758099 9.241600
39.553970 8.745850
40.200802 9.310600
38.762402 9.311810
39.837601 9.003420
40.771042 8.908620
39.396099 9.387480
39.093430 8.303120
39.143101 9.895370
40.574299 10.006000
39.894600 9.999590
38.609509 8.611480
38.995899 8.780270
40.165890 8.989500
39.131729 7.972920
39.934879 10.422370
38.382370 8.117030
41.105911 9.222140
38.995899 8.780270
37.982220 8.533940
39.093430 8.303120
30.970150 -8.133740
31.023090 -7.190050
31.142731 -6.619240
32.042221 -8.576770
30.659229 -7.623610
31.625191 -7.963860
31.270399 -7.591090
30.439369 -6.821630
31.044189 -7.520090
31.147261 -8.438320
30.537491 -7.168710
30.591049 -7.432210
30.724140 -7.688870
39.762711 13.352820
41.003441 11.791790
40.314362 12.483200
41.187901 12.406950
40.524311 12.642060
40.857170 13.207330
40.521172 12.657010
40.523079 12.675270
40.071541 12.065970
34.731500 -4.640300
35.400700 -5.250800
37.476300 -5.377500
35.796500 -4.904000
34.056000 -6.019200
36.016300 -3.889200
36.569500 -5.322300
33.518000 -6.937200
33.241500 -8.983500
36.698300 -2.725200
29.692700 -4.839200
32.771200 -9.295800
34.346200 -4.961000
33.184200 -4.714500
33.258800 -8.106000
30.398800 -5.116800
36.719200 -3.842200
33.320300 -7.907300
38.617000 -5.301800
32.083200 -5.087800
35.138200 -4.323800
10.529200 32.578700
33.895500 -9.954600
34.032400 -10.175700
24.977800 -28.814600
24.754200 -28.307000
24.588500 -28.382300
24.624800 -28.408000
24.589500 -28.404500
24.579800 -28.441200
24.624100 -28.452100
24.692300 -28.416100
24.628800 -28.428500
24.637700 -28.449400
24.754200 -28.449400
24.547100 -28.467000
24.710800 -28.528800
24.735500 -28.539400
24.676800 -28.540400
24.897500 -28.582500
24.539000 -28.580100
24.707700 -28.559500
24.937600 -28.670200
24.832400 -28.602000
24.684700 -28.632700
24.671100 -28.625600
24.784400 -28.630600
24.823800 -28.645300
24.632300 -28.642700
24.883400 -28.671800
24.968000 -28.671800
24.521700 -28.674300
24.561300 -28.694600
24.843600 -28.704700
24.866200 -28.796300
24.925600 -28.793700
-9.848700 28.494800
36.040800 -2.745400
36.186700 -2.621500
35.979400 -2.826500
27.334240 -21.099670
25.196014 -18.784170
23.771767 -21.403550
22.162458 -19.389300
21.215712 -21.361910
24.660793 -23.380390
22.206787 -22.853820
25.446911 -21.946400
20.195550 -22.993060
25.161894 -17.800170
21.782303 -24.113510
25.859613 -23.363030
24.800846 -25.811850
27.446816 -22.569670
24.537193 -20.195680
22.857294 -25.475530
21.174000 -19.529560
23.932789 -24.515340
23.500484 -18.620880
26.217850 -20.562850
21.338222 -18.539560
1.691900 13.152900
1.700400 13.147700
1.693300 13.142200
1.693400 13.161300
1.707100 13.153200
1.704200 13.137600
1.683800 13.138600
1.680600 13.153600
1.694700 13.147700
-2.430400 35.183700
