Sta_i Sta_j latt_i long_i latt_j long_j dist_km corr_window period waveType phase_vel uncertainty
SUR MBAR -32.3797 20.8117 -0.6019 30.7382 3668.58973342991 30054 5 L 3.81472368639318 0.0905791937075619
SUR TSUM -32.3797 20.8117 -19.2022 17.5838 1495.10676850178 42564 5 L 3.12698681629351 0.0913375856139019
SUR LSZ -32.3797 20.8117 -15.2779 28.1882 2036.20108823659 35430 5 L 3.63235924622541 0.00975404049994095
SUR FURI -32.3797 20.8117 8.8952 38.6798 4946.53061672511 33498 5 L 3.27849821886705 0.0546881519204984
SUR KMBO -32.3797 20.8117 -1.1271 37.2525 3865.2923553047 32268 5 L 3.9575068354343 0.0964888535199277
SUR KOWA -32.3797 20.8117 14.4967 -4.014 5822.91353800772 8922 5 L 3.15761308167755 0.0970592781760616
SUR MSKU -32.3797 20.8117 -1.6557 13.6116 3483.60288646002 5838 5 L 3.95716694824295 0.0485375648722841
SUR NAI -32.3797 20.8117 -1.2739 36.8037 3829.74248267008 1266 5 L 3.8002804688888 0.0141886338627215
SUR AAE -32.3797 20.8117 9.0292 38.7656 4963.79405099253 0 5 L 3.42176128262627 0.0915735525189067
SUR LBTB -32.3797 20.8117 -25.0151 25.59665 940.357933205619 37260 5 L 3.79220732955955 0.0959492426392903
SUR BOSA -32.3797 20.8117 -28.6141 25.2555 596.752374293351 34506 5 L 3.65574069915659 0.00357116785741896
SUR DBIC -32.3797 20.8117 6.67016 -4.85656 5106.91173300557 30024 5 L 3.84912930586878 0.0933993247757551
SUR BGCA -32.3797 20.8117 5.17636 18.42422 4164.02782179863 8058 5 L 3.67873515485777 0.0757740130578334
SUR ATD -32.3797 20.8117 11.530725 42.846634 5395.57922977555 34512 5 L 3.74313246812492 0.0392227019534168
SUR TAM -32.3797 20.8117 22.791491 5.52838 6318.27076008272 31422 5 L 3.65547789017756 0.0171186687811562
SUR RTC -32.3797 20.8117 33.9881 -6.8569 7897.40196895987 17760 5 L 3.70604608801961 0.00318328463774207
SUR KEG -32.3797 20.8117 29.9275 31.8292 6993.43457793818 7902 5 L 3.27692298496089 0.00461713906311539
SUR MDT -32.3797 20.8117 32.817 -4.614 7694.52822838313 3744 5 L 3.09713178123585 0.0823457828327293
SUR GFA -32.3797 20.8117 34.338 9.073 7486.67254710537 1818 5 L 3.69482862297582 0.0317099480060861
SUR MEB -32.3797 20.8117 36.303 2.73 7833.09867373545 1356 5 L 3.95022204883835 0.00344460805029088
SUR MELI -32.3797 20.8117 35.289902 -2.9392 7890.83882112405 13290 5 L 3.4387443596564 0.0381558457093008
SUR KMBO -32.3797 20.8117 -1.1268 37.2523 3865.31310589099 10860 5 L 3.765516788149 0.0795199901137063
SUR GHAR -32.3797 20.8117 32.122398 13.0885 7185.44108162264 1746 5 L 3.18687260455438 0.0489764395788231
SUR NAI -32.3797 20.8117 -1.2739 36.803699 3829.74243678476 942 5 L 3.4455862007109 0.0646313010111265
SUR MARJ -32.3797 20.8117 32.522598 20.8776 7183.76481440449 0 5 L 3.70936483085807 0.0754686681982361
SUR PVLZ -32.3797 20.8117 35.173 -4.301 7924.68963813713 0 5 L 3.27602507699858 0.0679702676853675
SUR WIN -32.3797 20.8117 -22.569099 17.091499 1147.36816498418 0 5 L 3.65509800397384 0.0162611735194631
SUR TEBE -32.3797 20.8117 0.0536 32.483 3793.73376897931 12312 5 L 3.11899768155838 0.0498364051982143
SUR DODT -32.3797 20.8117 -6.186 35.748 3288.43837440444 12210 5 L 3.95974395851608 0.0340385726666133
SUR CVNA -32.3797 20.8117 -31.482 19.762 140.575264012959 11688 5 L 3.58526775097978 0.0223811939491137
SUR MBEY -32.3797 20.8117 -8.983 33.241 2890.31468686126 9720 5 L 3.75126705930565 0.0255095115459269
SUR WIN -32.3797 20.8117 -22.5667 17.1 1147.35334950749 9636 5 L 3.50595705166514 0.0699076722656686
SUR ANKE -32.3797 20.8117 9.5827 39.7418 5061.025807934 8772 5 L 3.8909032525358 0.0959291425205444
SUR AAUS -32.3797 20.8117 9.0349 38.7665 4964.41614596389 8454 5 L 3.5472155299638 0.0138624442828679
SUR TEZI -32.3797 20.8117 -15.747 26.016 1916.00348134784 8232 5 L 3.14929400555906 0.0257508254123736
SUR UPI -32.3797 20.8117 -28.362 21.253 447.411808152233 7758 5 L 3.84071725598366 0.0254282178971531
SUR ZOMB -32.3797 20.8117 -15.3833 35.35 2389.30469808653 7638 5 L 3.81428482606882 0.0243524968724989
SUR BLWY -32.3797 20.8117 -20.143 28.611 1562.3442390637 7488 5 L 3.92926362318723 0.0349983765984809
SUR SWZ -32.3797 20.8117 -27.182 25.332 723.00409995589 7242 5 L 3.19659525043121 0.0251083857976031
SUR HVD -32.3797 20.8117 -30.605 25.497 486.637141966069 7026 5 L 3.61604467614664 0.0473288848902729
SUR POGA -32.3797 20.8117 -27.346 31.707 1190.48603092448 6516 5 L 3.351659507063 0.0830828627896291
SUR YNDE -32.3797 20.8117 3.87 11.456 4132.00930694257 6432 5 L 3.58526409115272 0.054972360829114
SUR GRM -32.3797 20.8117 -33.313 26.508 543.133998417478 6390 5 L 3.91719366382981 0.0285839018820374
SUR DESE -32.3797 20.8117 11.118 39.635 5213.70271500423 6120 5 L 3.75720022911072 0.0753729094278495
SUR KUKU -32.3797 20.8117 6.19232 -0.36842 4822.87498139633 5934 5 L 3.38044584697536 0.0567821640725221
SUR MZM -32.3797 20.8117 -11.434 34.035 2686.03091404787 5616 5 L 3.07585428956306 0.00539501186666072
SUR SEK -32.3797 20.8117 -28.323 27.625 794.267718898538 5508 5 L 3.53079755300897 0.0779167230102011
SUR CRLN -32.3797 20.8117 -25.9949 30.0227 1140.79550985996 5424 5 L 3.93401068422918 0.012990620847373
SUR KTWE -32.3797 20.8117 -12.814 28.209 2294.55505218591 5214 5 L 3.56882366087219 0.0469390641058206
SUR CNG -32.3797 20.8117 -26.2917 32.188301 1293.44963501544 5160 5 L 3.01190206950124 0.0337122644398882
SUR SNKL -32.3797 20.8117 -28.27528 27.7714 808.990745579032 5028 5 L 3.16218230819324 0.0794284540683907
SUR BOBN -32.3797 20.8117 -1.66 29.23666 3513.18298890483 4680 5 L 3.3112150420448 0.0528533135506213
SUR SHAI -32.3797 20.8117 5.88136 0.04389 4771.82263579227 4446 5 L 3.16564872949978 0.0601981941401637
SUR GRHM -32.3797 20.8117 -33.2768 26.3766 530.405180826773 4152 5 L 3.26297128454014 0.0654079098476782
SUR LBB -32.3797 20.8117 -11.631 27.485 2397.16019255305 3924 5 L 3.68921450314001 0.074815159282371
SUR PKA -32.3797 20.8117 -29.67 22.757 353.18336389971 3606 5 L 3.4505415985025 0.00838213779969326
SUR NSU -32.3797 20.8117 6.86685 7.41742 4569.78143975793 3360 5 L 3.22897696871682 0.091333736150167
SUR KAD -32.3797 20.8117 10.4305 7.64028 4940.3429739405 3162 5 L 3.15237801896922 0.0825816977489547
SUR MONG -32.3797 20.8117 -15.15 23.09 1922.28190567432 3132 5 L 3.53834243526006 0.0996134716626886
SUR MOPA -32.3797 20.8117 -23.517 31.398 1430.13383732853 3018 5 L 3.07817552875318 0.0442678269775446
SUR GETA -32.3797 20.8117 -2.866 33.241 3516.03993490767 3000 5 L 3.10665277018058 0.0961898080855054
SUR NBI -32.3797 20.8117 -1.2739 36.8037 3829.74248267008 2808 5 L 3.00463422413407 0.0774910464711502
SUR PWET -32.3797 20.8117 -8.28 28.53 2784.95391232107 2790 5 L 3.81730322065343 0.086869470536351
SUR IFE -32.3797 20.8117 7.546667 4.45692 4747.23328487177 2214 5 L 3.08443584551091 0.0399782649098896
SUR MTVE -32.3797 20.8117 -10.25 40.167 3155.74085448841 1458 5 L 3.25987040285065 0.0800068480224308
SUR WDLM -32.3797 20.8117 -26.424 27.422 920.109913004701 1362 5 L 3.43141382746354 0.0910647594429523
SUR HARE -32.3797 20.8117 -17.704 31.009 1921.43098636866 1236 5 L 3.18184702830285 0.026380291652199
SUR TETE -32.3797 20.8117 -16.1467 33.5768 2212.2266255066 930 5 L 3.14553898038472 0.0136068558708664
SUR MSNA -32.3797 20.8117 -22.449 30.024 1427.13984123053 708 5 L 3.86929220764009 0.057970458736557
SUR KIG -32.3797 20.8117 -1.96339 30.06332 3503.54940075468 666 5 L 3.54986020183633 0.0144954798223727
SUR RUDU -32.3797 20.8117 -17.9096 19.7648 1606.42222193631 180 5 L 3.85303111772189 0.0622055131485066
SUR SOE -32.3797 20.8117 -32.712 25.562 447.672066927271 0 5 L 3.35095238089227 0.0513249539867053
SUR PM26 -32.3797 20.8117 32.5245 -4.5659 7662.89029736821 7830 5 L 3.40180803375194 0.00759666916908419
SUR PM28 -32.3797 20.8117 32.2317 -4.6171 7634.86589871394 7830 5 L 3.23991615355366 0.0123318934835166
SUR PM23 -32.3797 20.8117 33.128 -5.03 7741.48878337849 7824 5 L 3.18390778828242 0.0239952525664903
SUR PM32 -32.3797 20.8117 31.568 -4.1914 7551.4091450004 7824 5 L 3.41726706908437 0.00496544303257421
SUR PM29 -32.3797 20.8117 32.0844 -4.3913 7611.53142851537 7818 5 L 3.90271610991528 0.0944787189721646
SUR PM21 -32.3797 20.8117 33.7205 -5.3197 7812.50257651099 7788 5 L 3.49086409246808 0.0489252638400019
SUR PM34 -32.3797 20.8117 31.2912 -4.1068 7519.99279279647 7788 5 L 3.33771940982138 0.0900053846417662
SUR PM35 -32.3797 20.8117 31.0463 -3.9958 7490.85933040787 7782 5 L 3.36924678112022 0.0111202755293787
SUR PM27 -32.3797 20.8117 32.3499 -4.6537 7648.278804091 7770 5 L 3.78025206832114 0.0389738836961253
SUR PM24 -32.3797 20.8117 32.9953 -4.8979 7723.10690716093 7734 5 L 3.24169128591383 0.0403912145588115
SUR PM05 -32.3797 20.8117 35.2134 -5.3368 7965.27915365944 6504 5 L 3.09645452516839 0.0131973292606335
SUR PM11 -32.3797 20.8117 34.9308 -4.3119 7900.21185041598 6504 5 L 3.94205059077549 0.0956134540229802
SUR PM07 -32.3797 20.8117 35.2275 -4.9863 7954.24303832831 6492 5 L 3.57520859507847 0.00597795429471558
SUR PM04 -32.3797 20.8117 35.4026 -5.1525 7978.02265468124 6486 5 L 3.23477991337241 0.0353158571222071
SUR PM25 -32.3797 20.8117 32.8757 -4.888 7710.54363255131 5904 5 L 3.82119404019796 0.00154034376515551
SUR PM30 -32.3797 20.8117 31.8634 -4.2718 7584.56362779857 5718 5 L 3.04302380165781 0.0168990029462704
SUR PM33 -32.3797 20.8117 31.4318 -4.2427 7539.36860131227 5706 5 L 3.64911547495645 0.073172238565867
SUR PM12 -32.3797 20.8117 34.8505 -4.6084 7902.34151511805 5652 5 L 3.64774596313631 0.0450923706430945
SUR PM14 -32.3797 20.8117 34.5522 -5.1267 7890.27571556677 5652 5 L 3.54700889228635 0.0296320805607773
SUR PM15 -32.3797 20.8117 34.4694 -4.6997 7866.55532984965 5652 5 L 3.74469280707416 0.0188955015032545
SUR PM01 -32.3797 20.8117 35.7016 -5.6543 8026.42372002387 5646 5 L 3.68677543336532 0.018351115573727
SUR PM13 -32.3797 20.8117 34.6723 -4.9354 7895.68912153229 5646 5 L 3.36848459649034 0.062561856072969
SUR PM03 -32.3797 20.8117 35.5104 -5.7713 8011.17107099298 5628 5 L 3.78022743515138 0.00811257688657853
SUR PM06 -32.3797 20.8117 35.3086 -5.639 7985.84923318423 5580 5 L 3.92938597096873 0.0775712678608402
SUR PM19 -32.3797 20.8117 34.1427 -5.1308 7848.64163587538 5496 5 L 3.48679163240317 0.0435858588580919
SUR PM31A -32.3797 20.8117 32.7186 -4.739 7689.04654936686 5418 5 L 3.44678374942981 0.0306349472016557
SUR PM08 -32.3797 20.8117 35.1448 -4.7082 7935.98344684424 5376 5 L 3.50850865538113 0.051077156417211
SUR PM02 -32.3797 20.8117 35.6101 -5.3471 8006.11920914959 5124 5 L 3.81762770832226 0.0794831416883453
SUR PM10 -32.3797 20.8117 34.7379 -5.1368 7909.59207770171 5112 5 L 3.64431813019369 0.0378609382660269
SUR PM17 -32.3797 20.8117 34.3914 -5.2954 7879.96919204026 5070 5 L 3.81158045828248 0.0532825588799455
SUR PM16 -32.3797 20.8117 35.1304 -3.6948 7899.56623269196 4932 5 L 3.35072710357688 0.0939001561999887
SUR PM18 -32.3797 20.8117 34.15 -4.8195 7838.16755219174 4680 5 L 3.87594281149298 0.0550156342898422
SUR PM22B -32.3797 20.8117 33.3079 -5.1024 7762.48630324857 4614 5 L 3.62247508600123 0.0587044704531417
SUR PM37 -32.3797 20.8117 34.9507 -3.1506 7862.75743711441 4404 5 L 3.20774229273303 0.0301246330279491
SUR PM39 -32.3797 20.8117 34.889 -2.6104 7838.56264832291 4380 5 L 3.47092334851759 0.0230488160211559
SUR PM36 -32.3797 20.8117 34.8894 -3.7359 7876.14403830685 4224 5 L 3.84430879269539 0.0194764289567049
SUR CM26 -32.3797 20.8117 7.265 13.548 4454.53348080862 4176 5 L 3.2259217809724 0.0170708047147859
SUR CM18 -32.3797 20.8117 5.723 9.355 4388.03041073764 4158 5 L 3.22766429781655 0.0435698684103899
SUR CM06 -32.3797 20.8117 2.385 11.268 3977.24398268557 3642 5 L 3.31110228665041 0.0923379642103244
SUR PM20 -32.3797 20.8117 33.9064 -5.0329 7820.98498106518 3630 5 L 3.43020739132958 0.0184816320124136
SUR PM38 -32.3797 20.8117 34.8385 -2.8737 7841.97818422503 3528 5 L 3.90488096867989 0.0979748378356085
SUR CM07 -32.3797 20.8117 3.87 11.456 4132.00930694257 3486 5 L 3.4388699731261 0.0111119223440599
SUR PM40 -32.3797 20.8117 34.9075 -2.2104 7827.5242662596 3420 5 L 3.25806469591207 0.0408719846112552
SUR CM32 -32.3797 20.8117 10.619 14.372 4807.37249819655 3372 5 L 3.59489607400861 0.0262211747780845
SUR PM09 -32.3797 20.8117 35.0273 -5.1145 7938.34152026008 3366 5 L 3.60284308938208 0.0711215780433683
SUR CM29 -32.3797 20.8117 9.347 13.385 4684.61077755193 3198 5 L 3.22174673401724 0.0117417650855806
SUR PM22 -32.3797 20.8117 33.2947 -5.1071 7761.31363227051 2970 5 L 3.29667587321833 0.0318778301925882
SUR CM24 -32.3797 20.8117 6.523 14.288 4360.49912569345 2226 5 L 3.42416675971381 0.0507858284661118
SUR CM12 -32.3797 20.8117 4.481 11.634 4193.42134614261 2214 5 L 3.08551579709004 0.0262482234698333
SUR CM17 -32.3797 20.8117 5.546 12.312 4292.71850315972 2214 5 L 3.80101462276974 0.00292202775621463
SUR CM15 -32.3797 20.8117 5.034 9.933 4297.79469980706 2178 5 L 3.92885413947804 0.0730330862855453
SUR CM22 -32.3797 20.8117 6.477 13.268 4373.95446109168 2160 5 L 3.48860897380358 0.0578525061023439
SUR CM21 -32.3797 20.8117 6.467 12.62 4385.95536633062 2154 5 L 3.23728357977152 0.0458848828179931
SUR CM14 -32.3797 20.8117 4.422 14.358 4129.76114157153 2136 5 L 3.96308853928691 0.0546805718738968
SUR CM30 -32.3797 20.8117 9.757 13.95 4719.69326887961 2130 5 L 3.521135830804 0.0231594386708524
SUR CM11 -32.3797 20.8117 3.98 13.188 4103.9963961431 2124 5 L 3.48889774392017 0.062406008817369
SUR CM19 -32.3797 20.8117 5.975 11.232 4364.40159066996 2124 5 L 3.67913554086575 0.0395515215668593
SUR CM23 -32.3797 20.8117 6.37 10.793 4417.9546327162 2118 5 L 3.36743664854448 0.0987982003161633
SUR CM31 -32.3797 20.8117 10.327 15.262 4762.72436071671 2118 5 L 3.03773886623955 0.0885168008202475
SUR CM16 -32.3797 20.8117 5.48 10.572 4328.03652882181 2082 5 L 3.91328682763924 0.0796183873585212
SUR PM33A -32.3797 20.8117 31.414 -4.2897 7539.28191619945 2076 5 L 3.09871227865557 0.0261871183870716
SUR PM30A -32.3797 20.8117 31.823 -4.2715 7580.42147441302 2052 5 L 3.3353568399628 0.0679727951377338
SUR CM10 -32.3797 20.8117 4.223 10.619 4191.91065217014 2034 5 L 3.13655313735537 0.072122749858174
SUR CM20 -32.3797 20.8117 6.225 10.054 4421.90311336825 1986 5 L 3.10676186160724 0.065375734866856
SUR CM25 -32.3797 20.8117 6.76 11.811 4435.44687680217 1812 5 L 3.49417393663927 0.0779051723231275
SUR CM13 -32.3797 20.8117 4.588 9.462 4263.89607355402 1686 5 L 3.71503707840069 0.0903720560556316
SUR CM03 -32.3797 20.8117 3.519 15.034 4019.71349672948 1590 5 L 3.89092250433079 0.0334163052737496
SUR CM28 -32.3797 20.8117 8.469 13.237 4591.55568984689 1428 5 L 3.69874583233479 0.0197809826685929
SUR CM04 -32.3797 20.8117 2.979 11.959 4023.45942617157 1422 5 L 3.03054094630464 0.0744074260367462
SUR CM08 -32.3797 20.8117 3.909 9.863 4179.67458853633 1254 5 L 3.5000224355902 0.0479922141146061
SUR CM02 -32.3797 20.8117 2.698 13.289 3962.66208792975 1206 5 L 3.90472223806736 0.0609866648422558
SUR PM31 -32.3797 20.8117 32.7063 -4.7195 7687.07651612548 852 5 L 3.61766638958845 0.0859442305646212
SUR CM27 -32.3797 20.8117 7.359 12.667 4481.87590162898 492 5 L 3.80548942452969 0.0576721515614685
SUR ABAE -32.3797 20.8117 13.3535 39.76355 5448.69945909058 7044 5 L 3.18292246941491 0.0239932010568717
SUR KOZE -32.3797 20.8117 12.49478 40.98489 5410.60874594111 6636 5 L 3.8865119330761 0.00286741524641061
SUR AFME -32.3797 20.8117 13.20396 40.858479 5477.69156968686 6282 5 L 3.48990138851222 0.0167927145682257
SUR ERTE -32.3797 20.8117 13.4463 40.496899 5487.6335208554 4560 5 L 3.97868064964116 0.0712694471678914
SUR IGRE -32.3797 20.8117 12.25259 40.461231 5363.94517610637 4440 5 L 3.50047162415484 0.0471088374541939
SUR DALE -32.3797 20.8117 14.22897 40.217831 5556.81494563605 4152 5 L 3.05961886757964 0.0681971904149063
SUR SAHE -32.3797 20.8117 12.04015 40.976952 5363.96205150703 4134 5 L 3.04243113750074 0.00714454646006424
SUR GALE -32.3797 20.8117 13.72514 40.394009 5512.0725243612 3984 5 L 3.52164984246428 0.0096730025780867
SUR HALE -32.3797 20.8117 13.84221 40.007721 5508.68299717812 3984 5 L 3.81814855385962 0.0817547092079286
SUR TRUE -32.3797 20.8117 12.48125 40.314812 5381.29734666265 3888 5 L 3.72243959236684 0.0149865442477967
SUR HITE -32.3797 20.8117 13.10124 40.31691 5444.92904166763 3318 5 L 3.65960525290831 0.0518594942510538
SUR AHME -32.3797 20.8117 14.08887 40.2784 5544.81065839364 2928 5 L 3.97297455476386 0.0648991492712356
SUR LULE -32.3797 20.8117 11.98922 40.703701 5347.19257535143 2922 5 L 3.8003305753524 0.045379770872692
SUR SEME -32.3797 20.8117 11.79258 41.00433 5339.93864295702 2850 5 L 3.43239150378346 0.0825313795402046
SUR GULE -32.3797 20.8117 13.69449 39.588539 5477.00836906463 2688 5 L 3.08346981485891 0.0133171007607162
SUR ASYE -32.3797 20.8117 11.5607 41.4422 5335.36580690137 2646 5 L 3.17338861311901 0.0390937802323736
SUR MAYE -32.3797 20.8117 12.7832 39.534302 5380.88470232212 2436 5 L 3.83137974283907 0.080336439160244
SUR FINE -32.3797 20.8117 12.06812 40.315971 5339.0545335728 2400 5 L 3.06047117916989 0.0399257770613576
SUR GPSE -32.3797 20.8117 13.48817 40.528332 5493.20560619146 1866 5 L 3.5268758305083 0.0416799467930787
SUR BIME -32.3797 20.8117 12.84183 40.98386 5445.95251373469 792 5 L 3.65685989097371 0.0627973359190104
SUR BTIE -32.3797 20.8117 11.1949 40.021801 5237.51731737915 762 5 L 3.29198407996171 0.043165117024872
SUR DAME -32.3797 20.8117 11.68684 40.96249 5327.3904262831 258 5 L 3.01548712563602 0.0984063724379154
SUR LAVE -32.3797 20.8117 13.60449 40.65789 5510.41124724947 0 5 L 3.16716840991466 0.0106216344928664
SUR OTJO -32.3797 20.8117 -20.018 15.9799 1451.69967143414 6708 5 L 3.37240974005554 0.0198118402542975
SUR BAHE -32.3797 20.8117 -21.3521 15.4405 1332.78555031438 6684 5 L 3.48968763801602 0.0339493413390758
SUR GAMM -32.3797 20.8117 -20.2505 20.8253 1343.86003037701 6666 5 L 3.95163046477773 0.0920332039836564
SUR HOCH -32.3797 20.8117 -21.4902 17.8531 1241.67788958406 6660 5 L 3.05267699768079 0.0737858095516997
SUR KANO -32.3797 20.8117 -19.1949 19.4398 1467.13312763808 5730 5 L 3.26911942639856 0.0422835615008808
SUR HAO -32.3797 20.8117 -17.8869 15.0599 1706.16342607047 5052 5 L 3.54787090121484 0.0942736984276934
SUR WEWE -32.3797 20.8117 -21.209 16.8091 1299.80913331526 4914 5 L 3.41774410431666 0.0983052466469856
SUR NEPA -32.3797 20.8117 -17.7703 18.4597 1635.54656263558 4464 5 L 3.30145494871207 0.0701098755900926
SUR OMUT -32.3797 20.8117 -18.4093 16.6364 1603.22418721843 4374 5 L 3.66633885158443 0.0539126465042857
SUR OKAM -32.3797 20.8117 -20.4073 18.2187 1351.34009669296 3918 5 L 3.69810552018031 0.0666527913402587
SUR KETS -32.3797 20.8117 -26.841192 17.9436 673.762733225111 2034 5 L 3.17813245440034 0.0128014399720173
SUR AIAI -32.3797 20.8117 -27.915555 17.491323 589.170436553208 2028 5 L 3.99908039476136 0.0171121066356432
SUR HELM -32.3797 20.8117 -25.880621 16.828016 817.845221298203 2016 5 L 3.03260082053053 0.056119979270966
SUR MARI -32.3797 20.8117 -24.598499 17.931368 907.192915957005 2010 5 L 3.88186650045181 0.0669175304534394
SUR SOLI -32.3797 20.8117 -23.861238 16.039537 1053.69392241328 1986 5 L 3.19043326717995 0.0368916546063895
SUR ARON -32.3797 20.8117 -24.135472 19.11996 928.574397168521 1980 5 L 3.46072593726041 0.098163795097075
SUR WAND -32.3797 20.8117 -24.649983 19.743596 863.013583431954 1944 5 L 3.15640495222656 0.0855522805845911
SUR AROB -32.3797 20.8117 -26.798342 19.647346 628.855277371996 1320 5 L 3.64476453687009 0.0376272210278832
SUR MALT -32.3797 20.8117 -24.846022 16.996233 914.334796777723 1254 5 L 3.1909236952363 0.0428252992979386
SUR TRUE -32.3797 20.8117 12.4841 40.3161 5381.64216332447 5604 5 L 3.48202206103186 0.0120611613297162
SUR DIGE -32.3797 20.8117 12.3279 40.2734 5363.88957630619 5592 5 L 3.58950748469506 0.0226187679752676
SUR FINE -32.3797 20.8117 12.0681 40.316 5339.05368790164 5580 5 L 3.38461912436941 0.0582986382747674
SUR SEME -32.3797 20.8117 11.7926 41.0044 5339.94367598954 5574 5 L 3.25180612247231 0.0290440664276979
SUR CHIE -32.3797 20.8117 11.5979 40.0188 5278.6450826441 5562 5 L 3.61709088439322 0.0265280909810029
SUR MILE -32.3797 20.8117 11.4238 40.765 5292.17660847196 5526 5 L 3.82437626668884 0.098266339972195
SUR AFME -32.3797 20.8117 13.204 40.8585 5477.69652936387 5304 5 L 3.7302487922676 0.0343877004114983
SUR SILE -32.3797 20.8117 12.407 41.1879 5410.29388783995 4794 5 L 3.58406933327845 0.0107769015243743
SUR SEHE -32.3797 20.8117 12.0401 40.9769 5363.95474605234 4230 5 L 3.90630815064973 0.0879653724481905
SUR HARE -32.3797 20.8117 11.6072 40.884 5315.92802368278 4170 5 L 3.81776055937064 0.0260727999055465
SUR BREE -32.3797 20.8117 12.1704 41.1883 5386.24627524174 3378 5 L 3.59435625066433 0.00225125927402318
SUR RODE -32.3797 20.8117 12.8415 40.9826 5445.86592477752 3090 5 L 3.42525932021413 0.0312718886820616
SUR AWEE -32.3797 20.8117 12.0673 40.0719 5328.91965307224 2874 5 L 3.16148474431175 0.0178766186752368
SUR BARE -32.3797 20.8117 12.6443 40.3556 5399.67258463595 2256 5 L 3.42288568910008 0.00942293388877347
SUR DAME -32.3797 20.8117 11.6868 40.9625 5327.38678593885 2148 5 L 3.59852366875674 0.0470924256358334
SUR BERE -32.3797 20.8117 12.1707 41.1886 5386.28964079658 876 5 L 3.69594931330161 0.0699887849928292
SUR MEGE -32.3797 20.8117 11.4906 41.3381 5323.70963445651 156 5 L 3.63853075827184 0.00336038360664295
SUR ALEE -32.3797 20.8117 12.4106 40.5982 5385.79284382813 48 5 L 3.06880609911805 0.0319599735180496
SUR SULE -32.3797 20.8117 12.7351 41.1396 5441.64198626192 12 5 L 3.53086428069413 0.0654445707757066
SUR NYLS -32.3797 20.8117 -24.659246 28.703229 1151.92319858303 5496 5 L 3.40761919704115 0.0819981222781941
SUR LESE -32.3797 20.8117 -24.415185 29.744509 1242.0903113564 5160 5 L 3.71835894320588 0.0968649330231094
SUR MARK -32.3797 20.8117 -23.589013 28.391223 1225.90010364553 5016 5 L 3.53133390656567 0.032514568182056
SUR MARA -32.3797 20.8117 -24.461632 27.575478 1099.00366984369 2634 5 L 3.10562920332902 0.0610958658746201
SUR NYAT -32.3797 20.8117 -25.36745 27.5669 1018.4246076783 2634 5 L 3.77880224182409 0.0423452918962738
SUR VERL -32.3797 20.8117 -24.789976 28.378838 1119.75458674709 2556 5 L 3.09082328578744 0.0266471490779072
SUR MRCO -32.3797 20.8117 -25.47234 26.400268 939.317173821376 2544 5 L 3.15365671759131 0.0281005302533871
SUR HOED -32.3797 20.8117 -24.41274 30.93244 1326.56509728704 2484 5 L 3.44008513900172 0.0527142741760652
SUR NHAM -32.3797 20.8117 -24.91566 27.31703 1042.90888913483 2382 5 L 3.45742436568767 0.0875371598604185
SUR MPHEP -32.3797 20.8117 -22.90655 30.17492 1397.07947265794 2352 5 L 3.5180521083611 0.0943622624548388
SUR DULL -32.3797 20.8117 -25.36478 30.17588 1198.6040147148 2340 5 L 3.63770909807217 0.0957693939841583
SUR SCHUN -32.3797 20.8117 -24.825484 29.361029 1182.36303852383 2202 5 L 3.24070703548016 0.0676122303863752
SUR SHUDU -32.3797 20.8117 -24.37585 28.15278 1141.42368035229 2172 5 L 3.28906457167448 0.0671808165414215
SUR WTBG -32.3797 20.8117 -24.2119 28.88291 1201.66013913579 2160 5 L 3.69514049955174 0.00679927684700106
SUR RUST -32.3797 20.8117 -25.23919 28.52397 1091.56209833275 2106 5 L 3.25479015659701 0.0224040030824219
SUR TZAN -32.3797 20.8117 -23.928297 30.173907 1311.32671312784 2100 5 L 3.66783272701372 0.0844392156527205
SUR CRAIL -32.3797 20.8117 -22.80259 28.24304 1289.25968384487 1818 5 L 3.34446241130104 0.0780519652731358
SUR WALT -32.3797 20.8117 -26.090527 27.84521 975.932472794189 1710 5 L 3.675332065747 0.000671531431847749
SUR MTLB -32.3797 20.8117 -23.81433 27.05694 1129.751196324 1554 5 L 3.6021704875818 0.0386771194520985
SUR PUMBA -32.3797 20.8117 -23.700916 29.527368 1287.0626952762 1302 5 L 3.91599124413143 0.000115105712910724
SUR TSWA -32.3797 20.8117 -25.42153 28.07967 1046.85365416046 1098 5 L 3.46244915924233 0.0424349039815375
SUR KEIT -32.3797 20.8117 -23.399585 28.875164 1272.04533465712 1032 5 L 3.46091636602896 0.0770159728608609
SUR VOET -32.3797 20.8117 -25.456695 29.438377 1137.75240509201 306 5 L 3.32247180718678 0.0784739294760742
SUR KGMA -32.3797 20.8117 -4.878 29.633 3180.13252599682 5196 5 L 3.47135715371061 0.00357627332691179
SUR MAUS -32.3797 20.8117 -2.741 36.704 3677.75966249072 5190 5 L 3.17587441568353 0.0721758033391103
SUR PNDA -32.3797 20.8117 -6.3519 31.0613 3071.67401998359 3186 5 L 3.47348599296532 0.0152721200438232
SUR MIKU -32.3797 20.8117 -7.4035 36.9902 3232.81764242686 3042 5 L 3.34112460704911 0.0607389213768347
SUR MAKA -32.3797 20.8117 -8.8465 34.8302 2980.01340284441 3018 5 L 3.1917452554618 0.0738426839976942
SUR NAMA -32.3797 20.8117 -7.5094 31.0414 2950.13559700313 3000 5 L 3.24284959831817 0.0917424342049382
SUR SONG -32.3797 20.8117 -10.6738 35.6507 2845.54466627965 2994 5 L 3.26906158668602 0.0765500016621438
SUR TUND -32.3797 20.8117 -9.2958 32.7712 2837.5381377287 2976 5 L 3.18866197679149 0.0287498173066131
SUR BKBA -32.3797 20.8117 -1.364 31.812 3621.73016525047 2826 5 L 3.09111346368653 0.0576209380663007
SUR PIGI -32.3797 20.8117 0.231 32.319 3806.9032259765 2826 5 L 3.68336324329465 0.0546593114590323
SUR MLBA -32.3797 20.8117 -1.838 31.67 3566.99142982983 2820 5 L 3.42572884187119 0.0644442781431337
SUR KIBO -32.3797 20.8117 -3.583 30.713 3351.22610745284 2790 5 L 3.64761763017268 0.0679016754093202
SUR MAFI -32.3797 20.8117 -8.3057 35.3132 3057.50965884155 2748 5 L 3.63578671051408 0.0945174113109401
SUR SULU -32.3797 20.8117 -4.573 30.087 3226.46022265654 2724 5 L 3.20893492242602 0.0709281702710545
SUR NJOM -32.3797 20.8117 -9.3665 34.7911 2926.91507901902 2718 5 L 3.2362305769938 0.0119396247797306
SUR MKRE -32.3797 20.8117 -4.282 30.424 3267.95421479224 2694 5 L 3.60730394068563 0.0450137696965896
SUR WINO -32.3797 20.8117 -9.7576 35.3001 2915.01278203844 2694 5 L 3.45872549364887 0.0661944751905652
SUR FOPO -32.3797 20.8117 0.663 30.282 3790.60484475365 2688 5 L 3.77028551480366 0.0350218013441105
SUR ROTI -32.3797 20.8117 1.626 33.6 3997.72969088519 2688 5 L 3.66200959835913 0.0416158589969797
SUR BEND -32.3797 20.8117 0.581 31.392 3814.24866209095 2664 5 L 3.84192915269131 0.0832916819075216
SUR BUTI -32.3797 20.8117 1.819 31.326 3944.03000321178 2664 5 L 3.25644099222915 0.0613460736812875
SUR JNJA -32.3797 20.8117 0.446 33.182 3859.22812204404 2664 5 L 3.58224916452723 0.054073933712441
SUR LOSS -32.3797 20.8117 -8.4166 33.1575 2943.65498559165 2634 5 L 3.86994103235801 0.026477902647563
SUR UVZA -32.3797 20.8117 -5.1049 30.3934 3179.90989596563 2628 5 L 3.31807407548106 0.0119214541054191
SUR LAEL -32.3797 20.8117 -8.566 32.0591 2881.04636116254 2472 5 L 3.93982947034492 0.0645551874972524
SUR MALE -32.3797 20.8117 1.07 34.167 3960.29937312183 2460 5 L 3.47946322494889 0.0639316961040108
SUR SUMB -32.3797 20.8117 -7.9531 31.6195 2926.26233841062 2400 5 L 3.54471611052676 0.0647311480293128
SUR MGOR -32.3797 20.8117 -6.8279 37.6696 3325.03731068154 2388 5 L 3.54388593399964 0.0721046620579811
SUR MANS -32.3797 20.8117 -11.14 28.8749 2493.09834101309 2166 5 L 3.5224953057771 0.0993704624120852
SUR IRIN -32.3797 20.8117 -7.762 35.6864 3129.82297671074 2148 5 L 3.21867663239963 0.0105798273250228
SUR KISH -32.3797 20.8117 -12.0219 29.6123 2427.50943718522 2148 5 L 3.10969746452319 0.00635913709751057
SUR ISOK -32.3797 20.8117 -10.1708 32.6457 2743.6615553128 2142 5 L 3.40457999585763 0.0448372912066495
SUR MUFZ -32.3797 20.8117 -13.1442 25.0213 2173.09885396716 2118 5 L 3.36581617683817 0.0763504640848813
SUR GABZ -32.3797 20.8117 -12.171 26.367 2308.91456289542 2106 5 L 3.62789637961417 0.0771980385554245
SUR SERJ -32.3797 20.8117 -13.2275 30.215 2327.53174445692 2088 5 L 3.93285357027882 0.0972740854003014
SUR KATE -32.3797 20.8117 -0.138 29.871 3693.50422932985 2064 5 L 3.19202834942777 0.0138874202829155
SUR LWNG -32.3797 20.8117 -10.2498 29.921 2623.26784937764 1974 5 L 3.69626633708299 0.00938200267748656
SUR BIHA -32.3797 20.8117 -2.638 31.316 3470.80385240257 1920 5 L 3.52540440385934 0.0530344218392863
SUR SAKA -32.3797 20.8117 -0.315 31.737 3730.09312016854 1836 5 L 3.86113981139333 0.0484853333552102
SUR MPIK -32.3797 20.8117 -11.821 31.4517 2523.64964776855 1782 5 L 3.39345636121527 0.0671431139674026
SUR GEIT -32.3797 20.8117 -2.881 32.217 3476.33202347443 1722 5 L 3.74125794345421 0.0520052467390387
SUR KMPZ -32.3797 20.8117 -13.4568 25.8337 2157.23540964625 1698 5 L 3.34771267127753 0.0149997253831683
SUR KISZ -32.3797 20.8117 -12.1116 25.4952 2295.06201939868 1620 5 L 3.58609206723146 0.0262145317727807
SUR CHIM -32.3797 20.8117 -8.8263 34.0284 2942.80767122895 1590 5 L 3.04445409227824 0.0754933267231179
SUR KBLE -32.3797 20.8117 -1.254 29.992 3577.3167673363 1464 5 L 3.24278535782096 0.0442402313001943
SUR KASM -32.3797 20.8117 -10.2174 31.1401 2673.86958111111 1398 5 L 3.68779608512011 0.0359228210401861
SUR SHWG -32.3797 20.8117 -11.1925 31.7397 2599.94106572821 1326 5 L 3.7363400743012 0.0394707475278763
SUR KYLA -32.3797 20.8117 -9.5986 33.8673 2858.25142329779 1002 5 L 3.68341586696798 0.0704047430334266
SUR KAMZ -32.3797 20.8117 -14.7948 24.8044 1989.33666886986 972 5 L 3.44230541338337 0.00195776235533187
SUR MWEN -32.3797 20.8117 -10.0582 28.7017 2601.45735800209 834 5 L 3.33085788021407 0.0424309496833137
SUR CHAM -32.3797 20.8117 -10.9505 31.0691 2595.81691237114 774 5 L 3.27027042343207 0.0197053798095456
SUR HAMA -32.3797 20.8117 -3.832 32.642 3392.82465412172 732 5 L 3.82172118496131 0.0429921409383266
SUR MKUS -32.3797 20.8117 -13.6035 29.3791 2254.982057018 684 5 L 3.88777095425635 0.0391182995461163
SUR DSS -32.3797 20.8117 11.118 39.6351 5213.70680242385 4728 5 L 3.7691143873883 0.0396791517013617
SUR ALE -32.3797 20.8117 9.42136 42.0347 5146.58245253115 4674 5 L 3.80851409588734 0.0755077099007084
SUR GDR -32.3797 20.8117 12.559 37.454 5279.35375622128 2436 5 L 3.3773955448351 0.0216018915961394
SUR MAKE -32.3797 20.8117 -9.2647 34.0968 2902.51507375853 4728 5 L 3.79040721796691 0.0949303911849797
SUR UKWA -32.3797 20.8117 -9.4539 34.2158 2889.58932702181 4728 5 L 3.3275654340752 0.067126437045174
SUR CHML -32.3797 20.8117 -8.8261 34.0283 2942.8228210468 4710 5 L 3.43864498258696 0.0833500595588975
SUR ILIN -32.3797 20.8117 -9.0818 33.3327 2884.59495764131 4686 5 L 3.76885425242962 0.0167253545494722
SUR NKAL -32.3797 20.8117 -9.1881 33.7736 2894.60334724022 4686 5 L 3.86198047870207 0.0989872153631504
SUR MATA -32.3797 20.8117 -8.9593 33.9689 2926.71523064379 4680 5 L 3.5144234565057 0.0884281023126955
SUR MZUN -32.3797 20.8117 -9.1502 33.5213 2886.49485476613 4620 5 L 3.5880260553085 0.0154752348656045
SUR KIPE -32.3797 20.8117 -9.2936 34.4364 2916.31803943171 4572 5 L 3.19986282285745 0.0406954837138907
SUR CRTR -32.3797 20.8117 -9.3318 33.7513 2879.21724834355 4446 5 L 3.74870571821569 0.0825583815786156
SUR MBHS -32.3797 20.8117 -9.4309 33.9846 2880.57895323041 4158 5 L 3.78996302994453 0.0318524245398992
SUR JILO -32.3797 20.8117 -8.7261 33.5663 2931.08956469489 3960 5 L 3.53406412737073 0.00899506787705811
SUR ILOM -32.3797 20.8117 -9.2829 33.3421 2864.85401127978 3810 5 L 3.1117057441932 0.0136292548938299
SUR MBEY -32.3797 20.8117 -8.9996 33.2504 2889.07485974495 3702 5 L 3.67865230480019 0.0495177019089661
SUR IGOM -32.3797 20.8117 -9 33.6573 2907.89472555579 3522 5 L 3.18971040601758 0.0495005824990221
SUR ISOK -32.3797 20.8117 -9.509 33.4944 2849.3561740182 3234 5 L 3.14760822197669 0.00549741469061882
SUR GAWA -32.3797 20.8117 -8.7648 34.3864 2966.18625652742 2772 5 L 3.85071267428901 0.0560559527354885
SUR ITUM -32.3797 20.8117 -9.4005 33.188 2845.92727447886 2760 5 L 3.92960886675666 0.0696667200555228
SUR TOLA -32.3797 20.8117 -9.5921 34.5841 2894.30237782777 2754 5 L 3.58279096517584 0.0815397211477421
SUR MAND -32.3797 20.8117 -10.4782 34.6005 2808.41732786728 2742 5 L 3.87901390459718 0.0988911616079589
SUR KIDE -32.3797 20.8117 -9.2745 35.0214 2947.65368045487 2736 5 L 3.00052237535694 0.0865438591013025
SUR BAKO -32.3797 20.8117 -8.8437 34.8016 2978.85994601889 2730 5 L 3.612566469484 0.0989950205708831
SUR LIGA -32.3797 20.8117 -10.6835 35.2545 2823.06775939636 2730 5 L 3.52768006933844 0.0479523385210219
SUR NGEA -32.3797 20.8117 -10.6754 35.6744 2846.69347736953 2730 5 L 3.80134760552195 0.0227842935706042
SUR NIND -32.3797 20.8117 -10.1421 34.5792 2840.13633987223 2730 5 L 3.49809429119639 0.0900852488532005
SUR UNDA -32.3797 20.8117 -9.8536 34.4738 2863.05212512166 2718 5 L 3.57466121913019 0.0845178185054037
SUR ZINI -32.3797 20.8117 -10.4659 35.3383 2848.53600666452 2718 5 L 3.7386402919954 0.0585987035826476
SUR BANG -32.3797 20.8117 -10.1128 35.6506 2899.3698981425 2706 5 L 3.24673452598597 0.0666416217319468
SUR KURU -32.3797 20.8117 -11.1996 35.4577 2784.67336519784 2706 5 L 3.08348281360262 0.0625959785171583
SUR TIRI -32.3797 20.8117 -10.7626 34.8831 2795.59318598729 2700 5 L 3.66094455794734 0.0729751855317221
SUR WINO -32.3797 20.8117 -9.7576 35.3001 2915.01278203844 2688 5 L 3.89075211632532 0.0982303222883606
SUR LOSI -32.3797 20.8117 -8.3872 33.1682 2947.1049864687 2562 5 L 3.7690290853359 0.0581446487875398
SUR MBAM -32.3797 20.8117 -11.2484 34.7919 2743.80594057633 2556 5 L 3.92831306231419 0.0580090365758442
SUR MKIL -32.3797 20.8117 -10.8807 34.6813 2773.50056679729 2538 5 L 3.01698293833726 0.0120859571098558
SUR MUDI -32.3797 20.8117 -9.8621 34.9373 2885.91510405714 2508 5 L 3.86271071869967 0.0484296511212103
SUR KIFA -32.3797 20.8117 -9.5472 35.1026 2925.18299358876 2382 5 L 3.84485567457626 0.0209405084020935
SUR UWEM -32.3797 20.8117 -9.4696 34.7859 2916.5365179303 2376 5 L 3.55229134153877 0.0629883385064421
SUR KIMO -32.3797 20.8117 -10.6922 36.0463 2865.71760469125 2274 5 L 3.03199101576257 0.0614713419117141
SUR BUMI -32.3797 20.8117 -10.1277 34.9365 2860.00458788144 2262 5 L 3.36241146227305 0.00495325790420612
SUR MFRI -32.3797 20.8117 -9.2944 35.3129 2960.73576393431 1848 5 L 3.48956998917732 0.0192510396062075
SUR CHUN -32.3797 20.8117 -8.5434 33.4337 2943.34875934582 1020 5 L 3.12308374754595 0.020549417090768
SUR B05MO -32.3797 20.8117 -20.2184 24.132 1387.35055238997 4494 5 L 3.14651491061489 0.0189072174472614
SUR B10PP -32.3797 20.8117 -18.9132 22.5427 1501.91035555193 4422 5 L 3.04265241091114 0.0635197916859882
SUR B07DX -32.3797 20.8117 -20.549 22.7494 1324.89053443284 4416 5 L 3.28186685588043 0.053859667804534
SUR B13NX -32.3797 20.8117 -18.5794 21.9944 1533.42630987488 4398 5 L 3.69516303944433 0.0499116013482589
SUR B06OR -32.3797 20.8117 -19.9011 23.5269 1408.76955340953 4392 5 L 3.53580105575111 0.0445183165296042
SUR B04KH -32.3797 20.8117 -20.4742 24.5139 1369.50001878805 4386 5 L 3.12393227759807 0.0490357293468018
SUR B02LT -32.3797 20.8117 -21.3928 25.5811 1305.88529895503 4350 5 L 3.85299815534082 0.0873927405861733
SUR B1665 -32.3797 20.8117 -22.8246 27.2286 1233.15236150781 4320 5 L 3.2702943322927 0.0208461358751314
SUR B15MW -32.3797 20.8117 -19.6305 23.8268 1444.1637601261 4296 5 L 3.5649795707382 0.0640311825162758
SUR B03SL -32.3797 20.8117 -21.1207 24.7635 1307.64489745698 4230 5 L 3.41702895164289 0.0205975515532243
SUR W04VR -32.3797 20.8117 -13.7212 34.1205 2470.59425624603 4098 5 L 3.94793312129317 0.00820712070977259
SUR W08KB -32.3797 20.8117 -11.61 34.2964 2682.55926461739 4098 5 L 3.10570942658172 0.0142041121903998
SUR W12MB -32.3797 20.8117 -14.0852 34.9112 2481.64065557032 4098 5 L 3.16646044087642 0.0620958643935308
SUR B14MH -32.3797 20.8117 -18.295 21.7918 1563.41462604935 4092 5 L 3.5737097648412 0.00520778902858696
SUR W01PD -32.3797 20.8117 -13.7073 33.0061 2411.6990236596 4086 5 L 3.93120138460825 0.0728661681678271
SUR W09TK -32.3797 20.8117 -12.1085 34.0464 2621.1188512962 4086 5 L 3.73784165379759 0.00634045006928182
SUR W13CC -32.3797 20.8117 -14.548 35.1806 2454.91325143618 4086 5 L 3.86044056303823 0.0934405118961213
SUR W02NB -32.3797 20.8117 -13.724 33.5599 2439.55107864809 4080 5 L 3.98439831224097 0.0858938816683866
SUR W03BL -32.3797 20.8117 -13.6788 33.8245 2458.2725563195 4080 5 L 3.78555898926503 0.0513377418587575
SUR W07CR -32.3797 20.8117 -10.6838 34.1931 2767.41810093602 4080 5 L 3.17760246050586 0.0398589496735843
SUR W14MC -32.3797 20.8117 -15.0626 35.2259 2410.66671261021 4080 5 L 3.13393125098797 0.00308895487449515
SUR Z03CK -32.3797 20.8117 -12.939 30.4424 2366.52325258734 4080 5 L 3.93914170606955 0.0301306064586392
SUR Z11CP -32.3797 20.8117 -13.5636 32.5889 2404.17857300493 4080 5 L 3.29553383447536 0.0332936281836175
SUR Q02GG -32.3797 20.8117 -13.2923 35.0304 2562.57113319424 4074 5 L 3.46706818702885 0.0648198406466157
SUR Q06MQ -32.3797 20.8117 -13.3496 36.7453 2659.92067883751 4074 5 L 3.02522818149304 0.0842206612419334
SUR Z01TG -32.3797 20.8117 -12.296 29.9948 2414.02977127152 4074 5 L 3.5590325449887 0.0854099949273443
SUR Z08MF -32.3797 20.8117 -13.2546 31.9314 2402.12196398932 4074 5 L 3.34787919432726 0.0446026648055103
SUR Z05CS -32.3797 20.8117 -13.1667 30.8784 2362.30340061105 4068 5 L 3.05423948444113 0.0177107533789109
SUR Z09CG -32.3797 20.8117 -13.3058 32.221 2411.12428164807 4068 5 L 3.66280806196097 0.0330828995203305
SUR Z02PP -32.3797 20.8117 -12.6965 30.1358 2378.55626712565 4062 5 L 3.8984861378343 0.0118155198446711
SUR Q04NM -32.3797 20.8117 -13.3309 35.6584 2595.66234352253 4038 5 L 3.98841792878498 0.0539982099037929
SUR W15SS -32.3797 20.8117 -15.6818 34.9747 2339.0721942845 4032 5 L 3.70691741932276 0.0999491620097705
SUR Z07FW -32.3797 20.8117 -13.1206 31.7754 2407.99999903291 4032 5 L 3.28784934481514 0.0414522538893108
SUR W05SL -32.3797 20.8117 -13.7627 34.3834 2481.43001127919 4020 5 L 3.46483994162514 0.0763957078491957
SUR Q07MR -32.3797 20.8117 -13.1967 37.4986 2721.03726287949 4008 5 L 3.81820403890767 0.0100221540195492
SUR Z04NN -32.3797 20.8117 -13.075 30.6276 2360.61728846317 4008 5 L 3.17811695388677 0.035963491348208
SUR Q03LC -32.3797 20.8117 -13.3088 35.2425 2573.29566379022 3990 5 L 3.05670468906829 0.0521885673661279
SUR Q01MP -32.3797 20.8117 -13.4078 34.87 2542.525613503 3984 5 L 3.33584897467692 0.0175669029675661
SUR B12SS -32.3797 20.8117 -18.7462 22.1965 1516.72815393484 3828 5 L 3.20894667399314 0.0905153559004464
SUR B09NK -32.3797 20.8117 -19.6626 22.1937 1415.66948134009 3636 5 L 3.67539117733625 0.0468468199903997
SUR W06SB -32.3797 20.8117 -13.7421 34.5959 2495.44827702436 3630 5 L 3.91213247423962 0.0104011574779379
SUR B11ET -32.3797 20.8117 -19.0159 22.3165 1488.1547155359 3576 5 L 3.74554607370172 0.0736267455596639
SUR B17CI -32.3797 20.8117 -19.2938 22.9094 1464.82952735759 3504 5 L 3.56186142528164 0.0184194097515527
SUR B01KR -32.3797 20.8117 -22.2377 26.7184 1266.1604012277 3474 5 L 3.59721135033785 0.0299936990089789
SUR B08TS -32.3797 20.8117 -20.1645 22.4588 1363.27814180686 3324 5 L 3.13412293282868 0.0212601533358843
SUR W10LW -32.3797 20.8117 -12.6208 34.1652 2578.06707298134 3258 5 L 3.89494167544081 0.00714528127870445
SUR Z10KW -32.3797 20.8117 -13.4991 32.3828 2400.11874106415 3162 5 L 3.24248655893672 0.00537543922087138
SUR W11KP -32.3797 20.8117 -13.2166 34.3113 2529.11210636952 2154 5 L 3.44172205706442 0.00132832004672525
SUR Q05ML -32.3797 20.8117 -13.4671 36.1397 2612.01514206716 2034 5 L 3.89719135097357 0.0196658191367632
SUR Z06GL -32.3797 20.8117 -13.3502 31.5149 2372.86156928247 1986 5 L 3.09337051675509 0.030736689958792
SUR Z06LW -32.3797 20.8117 -13.3218 31.0287 2353.37970585057 1572 5 L 3.45605766684374 0.0101669393624755
SUR Q05MJ -32.3797 20.8117 -13.3953 36.1257 2617.7443927003 870 5 L 3.99538972765509 0.0332092833452499
SUR W05SA -32.3797 20.8117 -13.763 34.3842 2481.44697051906 72 5 L 3.29734681588792 0.00620452213196326
SUR SA13 -32.3797 20.8117 -29.97884 23.139586 346.528904899354 4392 5 L 3.29824397188776 0.00463512648981808
SUR SA12 -32.3797 20.8117 -29.848603 22.253285 312.497119580322 4152 5 L 3.5054281424577 0.0761425886690113
SUR SA82 -32.3797 20.8117 -30.977112 22.246614 206.632361299019 4152 5 L 3.63106999921359 0.00898916507760917
SUR SA38 -32.3797 20.8117 -25.93336 25.084628 826.420192365171 4122 5 L 3.08086242313031 0.0777240536548943
SUR SA45 -32.3797 20.8117 -24.879187 26.164376 981.93949753178 4110 5 L 3.90513474422357 0.0533771951767
SUR SA46 -32.3797 20.8117 -24.83817 27.1092 1037.70879591589 4062 5 L 3.10915421204246 0.0825808857855598
SUR SA24 -32.3797 20.8117 -27.883287 24.236487 597.693078565264 4050 5 L 3.33809771880217 0.0293973053026484
SUR SA57 -32.3797 20.8117 -22.981102 30.020153 1380.65467977181 4044 5 L 3.74631342770368 0.00103366183433964
SUR SA17 -32.3797 20.8117 -28.932072 23.225711 446.752225829979 3924 5 L 3.04844733925322 0.0667916121573624
SUR SA08 -32.3797 20.8117 -31.910296 22.072947 129.876805643756 3846 5 L 3.60346798383077 0.0526102465795561
SUR SA40 -32.3797 20.8117 -25.8981 27.149 946.321498270367 3780 5 L 3.72970944822323 0.0707253485315422
SUR SA31 -32.3797 20.8117 -26.99517 25.02091 722.466474710215 3708 5 L 3.78137705179928 0.0287976975614171
SUR SA56 -32.3797 20.8117 -23.005909 29.074292 1319.21508532742 3702 5 L 3.69253198638652 0.0556669834964013
SUR SA32 -32.3797 20.8117 -26.865464 26.284484 808.742724025924 3600 5 L 3.39652079258159 0.00615906670539647
SUR SA25 -32.3797 20.8117 -27.84587 25.125923 652.137850268762 3570 5 L 3.78017553149117 0.0337583864052045
SUR SA23 -32.3797 20.8117 -27.930432 23.40461 552.811394603363 3564 5 L 3.60786590726295 0.0741254049502218
SUR SA07 -32.3797 20.8117 -31.977606 20.226201 70.9725928309878 3510 5 L 3.1048132419735 0.0127888379782995
SUR SA72 -32.3797 20.8117 -20.142962 28.611309 1562.36322799004 3072 5 L 3.5495401070152 0.0485229408584959
SUR SA18 -32.3797 20.8117 -28.632814 24.305628 533.798645422725 2964 5 L 3.89047567918444 0.0798960278812879
SUR SA81 -32.3797 20.8117 -30.925116 21.268124 166.993589078327 2934 5 L 3.73434108369597 0.00513318861123711
SUR SA47 -32.3797 20.8117 -24.84687 28.161824 1100.97929360581 2688 5 L 3.07288529909898 0.00885274596747204
SUR SA01 -32.3797 20.8117 -34.294456 19.245956 257.569432546898 2664 5 L 3.79835086411395 0.0943008139570703
SUR SA50 -32.3797 20.8117 -23.872155 27.166184 1130.16355313965 2658 5 L 3.68371557240836 0.0132082955713563
SUR SA14 -32.3797 20.8117 -29.8682 24.0226 413.874691121223 2556 5 L 3.72272453965677 0.0110353480642349
SUR SA20 -32.3797 20.8117 -29.0221 26.1953 635.890371768853 2556 5 L 3.11749285215183 0.0640717922965926
SUR SA51 -32.3797 20.8117 -23.862775 28.156664 1187.3203237857 2514 5 L 3.3288142147568 0.0653812022595774
SUR SA76 -32.3797 20.8117 -20.636092 29.846441 1580.77377942516 2484 5 L 3.74913146310352 0.0583185731454876
SUR SA19 -32.3797 20.8117 -28.9056 24.8328 544.801650206928 2334 5 L 3.74003232798778 0.0234826914747904
SUR SA55 -32.3797 20.8117 -22.979977 28.298102 1275.94997522985 2310 5 L 3.73495754169605 0.0970598525086614
SUR SA15 -32.3797 20.8117 -29.9038 25.0323 487.112526537608 2262 5 L 3.86693029175192 0.00862345298634963
SUR SA27 -32.3797 20.8117 -27.8625 27.2943 800.32419647484 2232 5 L 3.3664366163192 0.0369198804330018
SUR SA30 -32.3797 20.8117 -27.071478 24.16505 671.808744598389 2226 5 L 3.68502847266161 0.0597941635383889
SUR SA169 -32.3797 20.8117 -22.262315 29.213375 1394.56939145731 2184 5 L 3.78936394364191 0.0367652918437877
SUR SA11 -32.3797 20.8117 -29.965032 20.946637 268.029075830904 2178 5 L 3.20602785950519 0.00866665473955323
SUR SA37 -32.3797 20.8117 -25.970525 23.721191 764.581734711986 2178 5 L 3.77193391709911 0.020567452146476
SUR SA77 -32.3797 20.8117 -20.755746 30.919113 1632.85199512255 2172 5 L 3.3882716310478 0.0551778531957227
SUR SA34 -32.3797 20.8117 -26.8 28.1 938.166678132205 2160 5 L 3.2289532520231 0.0641940620399187
SUR SA79 -32.3797 20.8117 -20.021103 30.517333 1676.03967742069 2160 5 L 3.48448037239818 0.0151845525116267
SUR SA139 -32.3797 20.8117 -25.8519 26.2662 897.049578571943 2148 5 L 3.781931966588 0.0100606322362422
SUR SA16 -32.3797 20.8117 -28.950316 22.195118 402.63516240507 2136 5 L 3.29406633375863 0.0237373019705579
SUR SA04 -32.3797 20.8117 -32.8505 19.6206 123.382807505745 2088 5 L 3.53087225702793 0.00914987313394122
SUR SA22 -32.3797 20.8117 -27.966232 22.009117 502.654589662657 2034 5 L 3.40531541988059 0.0104846247115757
SUR SA29 -32.3797 20.8117 -26.931737 23.03492 641.049964796618 2028 5 L 3.11228396215603 0.0784427890743913
SUR SA48 -32.3797 20.8117 -24.8948 29.2163 1166.78322357201 1986 5 L 3.29157031790693 0.0603533438750887
SUR SA60 -32.3797 20.8117 -23.85193 24.959381 1028.90961709907 1980 5 L 3.9644226672159 0.0432484993970361
SUR SA80 -32.3797 20.8117 -19.959257 31.317909 1728.81769087851 1980 5 L 3.69475219461794 0.0758099275289454
SUR SA59 -32.3797 20.8117 -24.837265 24.464044 908.856889654712 1962 5 L 3.4326423261471 0.0655498039803537
SUR SA74 -32.3797 20.8117 -21.923031 30.935691 1531.01577160202 1962 5 L 3.10975505072305 0.0933759848385333
SUR SA33 -32.3797 20.8117 -26.8986 27.1793 865.249068839472 1956 5 L 3.18746080642169 0.0266178838907639
SUR SA70 -32.3797 20.8117 -21.088251 26.335168 1365.8227517202 1950 5 L 3.7978302602116 0.0487603775433924
SUR SA75 -32.3797 20.8117 -20.860109 28.999072 1513.19337071098 1932 5 L 3.76895826405887 0.0396006745217875
SUR SA63 -32.3797 20.8117 -23.658299 26.081958 1096.25910671998 1920 5 L 3.27293879412369 0.0037234634070328
SUR SA05 -32.3797 20.8117 -32.605 21.5346 72.3896472521784 1914 5 L 3.67329491410865 0.0429564459251853
SUR SA26 -32.3797 20.8117 -27.5456 26.1803 745.1917632804 1890 5 L 3.45173923490474 0.0609857169290216
SUR SA62 -32.3797 20.8117 -24.850534 25.134964 935.190215009183 1890 5 L 3.05940329685828 0.0315811438338866
SUR SA73 -32.3797 20.8117 -21.853669 30.27761 1495.47718735909 1884 5 L 3.77272213086293 0.0696432989006095
SUR SA65 -32.3797 20.8117 -22.818254 27.221759 1233.41932428311 1878 5 L 3.12533218110918 0.0130151450389424
SUR SA66 -32.3797 20.8117 -21.900455 26.372742 1284.7862628335 1866 5 L 3.0923523387192 0.000782029356933489
SUR SA09 -32.3797 20.8117 -30.9221 22.9861 262.01107719695 1836 5 L 3.42310938516417 0.0655573174937914
SUR SA64 -32.3797 20.8117 -22.969449 26.201713 1170.04130826339 1818 5 L 3.72292252469202 0.0531209293582439
SUR SA67 -32.3797 20.8117 -21.885896 27.273599 1326.77593130354 1788 5 L 3.10881793827305 0.0631766373528489
SUR SA68 -32.3797 20.8117 -21.950409 28.187833 1366.43746920534 1734 5 L 3.1264998653293 0.0134303304313575
SUR SA155 -32.3797 20.8117 -22.8786 28.3402 1287.69099847607 1728 5 L 3.098594092711 0.0142027248431928
SUR SA28 -32.3797 20.8117 -27.8982 28.0656 857.109788559344 1704 5 L 3.16825129849153 0.0196248922256955
SUR SA44 -32.3797 20.8117 -26.03212 30.9022 1206.38107906246 1686 5 L 3.31747977514944 0.0316428999146291
SUR SA61 -32.3797 20.8117 -23.948131 24.022049 986.002675135529 1554 5 L 3.21756330942282 0.0251041846015736
SUR SA10 -32.3797 20.8117 -30.9724 23.9136 332.94021887244 1494 5 L 3.89292240528598 0.0703223224556291
SUR SA03 -32.3797 20.8117 -33.6619 21.3354 150.384086769165 1470 5 L 3.55573794271939 0.0184433667757653
SUR SA35 -32.3797 20.8117 -27.0183 29.0883 996.773047799482 1458 5 L 3.21203084253232 0.00773468081126768
SUR SA53 -32.3797 20.8117 -24.1134 29.3328 1239.35099948779 1428 5 L 3.91380041077957 0.0706715217696931
SUR SA42 -32.3797 20.8117 -25.665 29.2223 1106.09555893836 1386 5 L 3.55778896675488 0.0313428989936591
SUR SA49 -32.3797 20.8117 -24.95973 30.30914 1239.09966294972 1356 5 L 3.16620356290215 0.0622497259279895
SUR SA39 -32.3797 20.8117 -25.895184 26.151431 886.548858635209 1350 5 L 3.9879347349525 0.0170432023056883
SUR SA71 -32.3797 20.8117 -20.925778 27.140787 1416.06638658733 1338 5 L 3.25779225057201 0.0396799318633144
SUR SA02 -32.3797 20.8117 -33.7351 20.2663 158.715875638421 1302 5 L 3.07399476957694 0.0684096066962009
SUR SA58 -32.3797 20.8117 -23.51795 31.39728 1430.00718228219 930 5 L 3.40238833269616 0.0982835201393951
SUR SA36 -32.3797 20.8117 -26.8771 30.1249 1088.03940654072 894 5 L 3.40218398522248 0.0620671947199578
SUR SA54 -32.3797 20.8117 -23.7288 30.668 1361.70976184861 822 5 L 3.15436980547927 0.0381345204444472
SUR SA43 -32.3797 20.8117 -25.7868 30.0669 1159.22662947886 750 5 L 3.16113397184936 0.0758112431327419
SUR SA52 -32.3797 20.8117 -23.798342 28.897467 1238.34359427675 246 5 L 3.87111112191539 0.0350776744885893
SUR SA69 -32.3797 20.8117 -22.304753 29.266073 1393.81555444542 192 5 L 3.68553570874754 0.029414863376785
SUR SA78 -32.3797 20.8117 -19.467072 30.772272 1742.02129268353 120 5 L 3.53062930385689 0.0832423386285184
SUR ADYE -32.3797 20.8117 13.635 38.981098 5447.53977637241 4362 5 L 3.59749019187258 0.0335311330705246
SUR AKEE -32.3797 20.8117 10.8883 39.167999 5171.1799461452 4344 5 L 3.29922502333311 0.0452592541569324
SUR SEKE -32.3797 20.8117 12.6217 39.033401 5344.64730199262 4332 5 L 3.42264565322046 0.0359606317972236
SUR GASE -32.3797 20.8117 11.6813 38.921101 5243.11864752637 4314 5 L 3.5583191998693 0.0742545365701939
SUR KOBE -32.3797 20.8117 12.1506 39.629799 5319.554382621 4314 5 L 3.42433478362569 0.0429355788576205
SUR BTIE -32.3797 20.8117 11.1949 40.021801 5237.51731737915 4308 5 L 3.12487275871981 0.0024434016050374
SUR MAYE -32.3797 20.8117 12.7832 39.534302 5380.88470232212 4308 5 L 3.29018526513073 0.0317520582899226
SUR SMRE -32.3797 20.8117 13.1977 39.211102 5411.06130890185 4278 5 L 3.65369013396648 0.0956935924070684
SUR DICE -32.3797 20.8117 11.9136 41.5737 5376.87418681036 4248 5 L 3.93573087278488 0.0457886333854367
SUR GEWE -32.3797 20.8117 10.0045 40.573898 5139.63747006818 4248 5 L 3.24047839683208 0.0763897944286478
SUR ADTE -32.3797 20.8117 11.1221 40.757 5261.13274404652 4230 5 L 3.7593273831311 0.0740648064978614
SUR MISE -32.3797 20.8117 9.23691 40.759102 5069.97556954274 4212 5 L 3.74368834148733 0.0105920416732765
SUR HYNE -32.3797 20.8117 9.31476 42.096199 5138.77851736315 4176 5 L 3.68156043047032 0.0463260578593719
SUR QATE -32.3797 20.8117 9.3753 41.469101 5115.89506142348 4068 5 L 3.21216320525493 0.00985187376881084
SUR LALE -32.3797 20.8117 12.0258 39.037498 5283.24033690978 4038 5 L 3.82357447392784 0.017500973738208
SUR LYDE -32.3797 20.8117 12.05456 41.925701 5406.62583517308 3522 5 L 3.16356990978499 0.0665987216411111
SUR SRDE -32.3797 20.8117 11.9579 41.310001 5369.8963676024 3312 5 L 3.89438937535424 0.051655820835127
SUR DERE -32.3797 20.8117 11.11788 39.6353 5213.70266760871 3216 5 L 3.70270230695048 0.01535903766194
SUR ABAE -32.3797 20.8117 13.3535 39.76355 5448.69945909058 3192 5 L 3.95345706988625 0.0540884081241476
SUR AWSE -32.3797 20.8117 8.98973 40.169998 5019.01303035497 2994 5 L 3.67973389821047 0.00365630180484529
SUR ELLE -32.3797 20.8117 11.2579 40.378399 5258.87031864541 2952 5 L 3.80920385129379 0.0748618871776197
SUR KORE -32.3797 20.8117 10.4265 39.934399 5155.30896042913 2844 5 L 3.12018701798708 0.0525045164762609
SUR ASYE -32.3797 20.8117 11.5607 41.4422 5335.36580690137 2610 5 L 3.32583362876325 0.0546449439903069
SUR WUCE -32.3797 20.8117 11.5116 39.6064 5252.93870850441 2520 5 L 3.3988807523832 0.0415093386613047
SUR YAYE -32.3797 20.8117 11.86083 37.996521 5226.40030956336 1236 5 L 3.18073776025479 0.0255386740488051
SUR BOBE -32.3797 20.8117 10.37981 42.572418 5267.6086799688 1206 5 L 3.02053577465818 0.0923675612620407
SUR WLDE -32.3797 20.8117 11.8243 39.587399 5284.30087763144 912 5 L 3.65369988900825 0.0932613572048564
SUR ERTE -32.3797 20.8117 13.4463 40.496899 5487.6335208554 906 5 L 3.16351236852753 0.0921097255892198
SUR HALE -32.3797 20.8117 13.8422 40.007702 5508.68121603418 228 5 L 3.79465788538875 0.0577394196706649
SUR SMEE -32.3797 20.8117 11.79258 41.004341 5339.93911418035 30 5 L 3.44003559576025 0.0257613736712438
SUR AFRE -32.3797 20.8117 13.20396 40.858479 5477.69156968686 12 5 L 3.75194639386745 0.0228669482105501
SUR SISE -32.3797 20.8117 11.60728 40.88398 5315.93530903179 0 5 L 3.0641870873919 0.0767329510776574
SUR MW36 -32.3797 20.8117 -3.0158 35.9981 3617.31609788586 4068 5 L 3.67120218535654 0.071521251478584
SUR NG56 -32.3797 20.8117 -3.096 35.4086 3582.59370022774 4062 5 L 3.64206082843385 0.0419048293624883
SUR PR63 -32.3797 20.8117 -2.9933 35.5067 3597.36781131084 4056 5 L 3.39076208220417 0.0816140102875323
SUR LN34 -32.3797 20.8117 -2.751 36.0485 3646.308763425 4050 5 L 3.31742786365585 0.0814539772900651
SUR LL23 -32.3797 20.8117 -2.2969 35.69 3676.10063911835 4044 5 L 3.78907351493896 0.0852263890343846
SUR LN26 -32.3797 20.8117 -2.6104 35.8785 3652.78644249763 4044 5 L 3.50563661757176 0.0635661388861377
SUR LN15 -32.3797 20.8117 -2.6279 36.1846 3664.94304764744 4032 5 L 3.95089441537814 0.044396415501881
SUR NG54 -32.3797 20.8117 -2.7316 35.3595 3617.3935140655 4032 5 L 3.06001881977948 0.0866749896999319
SUR PR31 -32.3797 20.8117 -2.919 36.0476 3629.33674817584 4032 5 L 3.63118873426901 0.0355073651878849
SUR PR62 -32.3797 20.8117 -2.9834 35.3736 3592.45724519089 4032 5 L 3.99700327160665 0.0224171498983127
SUR PR61 -32.3797 20.8117 -2.9586 35.2478 3589.42781250782 4026 5 L 3.65245107296861 0.0604990641908259
SUR LN16 -32.3797 20.8117 -2.6207 36.4648 3678.61058132696 4020 5 L 3.38724543148314 0.0142187159290504
SUR LN25 -32.3797 20.8117 -2.5006 35.8864 3664.24266501959 4020 5 L 3.0251349857102 0.0421112253765241
SUR LL65 -32.3797 20.8117 -2.418 35.434 3652.52550200714 4014 5 L 3.18410028942751 0.0725775267469453
SUR LN35 -32.3797 20.8117 -2.6304 36.0059 3656.53367629169 4014 5 L 3.3703626865152 0.0841560087468206
SUR LL24 -32.3797 20.8117 -2.2662 35.8072 3684.42079619971 4002 5 L 3.73422969119331 0.0571025872824379
SUR PR52 -32.3797 20.8117 -2.9593 35.7024 3609.58081006214 3990 5 L 3.1768550576253 0.0957384022595723
SUR PR11 -32.3797 20.8117 -2.8231 36.2991 3650.58039031979 3978 5 L 3.26532203619292 0.0924580895239601
SUR MW44 -32.3797 20.8117 -3.3437 35.6638 3569.00470071084 3948 5 L 3.22377040469704 0.0373563807642645
SUR LN14 -32.3797 20.8117 -2.4394 36.4154 3694.54212961207 3888 5 L 3.08750034957659 0.0640116548246715
SUR PR53 -32.3797 20.8117 -2.8538 35.8354 3626.24677103163 3888 5 L 3.18061688775311 0.00450511074735742
SUR PR33 -32.3797 20.8117 -2.8391 36.1395 3641.60282561775 3798 5 L 3.7231734791831 0.034743764558179
SUR MW41 -32.3797 20.8117 -3.2305 36.4448 3616.51927076853 3750 5 L 3.6606168245029 0.0383868601071971
SUR LN46 -32.3797 20.8117 -3.007 36.6767 3649.8529434899 3642 5 L 3.62734650244347 0.00216498146303065
SUR NG55 -32.3797 20.8117 -3.1418 35.687 3590.44328993228 3612 5 L 3.91056998852303 0.0800558656278811
SUR LL66 -32.3797 20.8117 -2.6123 35.4842 3634.9991215943 3570 5 L 3.74584748434272 0.0813112813610761
SUR LN45 -32.3797 20.8117 -2.9927 36.2921 3633.21544134142 3498 5 L 3.38330631862553 0.0617279232316449
SUR LL22 -32.3797 20.8117 -2.5195 35.5989 3649.4874668818 3078 5 L 3.57549485970281 0.0530051704765016
SUR KEN1 -32.3797 20.8117 -1.9412 36.6927 3757.46985816332 3000 5 L 3.27506975582194 0.024862895966197
SUR KEN4 -32.3797 20.8117 -1.784 36.0536 3744.25782428362 2922 5 L 3.45163877045197 0.0227712826026548
SUR LL21 -32.3797 20.8117 -2.0627 35.551 3693.76483829043 2910 5 L 3.80444958361307 0.098610424189597
SUR KEN3 -32.3797 20.8117 -2.0932 36.1186 3715.89273572216 2784 5 L 3.02999195026939 0.0535664190667238
SUR KEN2 -32.3797 20.8117 -1.9184 36.2873 3741.18319421812 2736 5 L 3.08707721990089 0.0802091440555804
SUR PR32 -32.3797 20.8117 -2.8754 36.1813 3639.87440451253 2532 5 L 3.98914490970034 0.00669462583977502
SUR MW43 -32.3797 20.8117 -3.2046 35.9459 3595.90520872849 2238 5 L 3.93939836188453 0.00181775336366957
SUR MW42 -32.3797 20.8117 -3.04 36.1011 3619.61470364447 2010 5 L 3.68383861374636 0.0783736480083219
SUR PR64 -32.3797 20.8117 -2.8014 35.5331 3617.986563806 1572 5 L 3.53413756788273 0.0885359450931142
SUR PR12 -32.3797 20.8117 -2.8253 36.3833 3654.27051557801 1314 5 L 3.89900489890614 0.0625937626080496
SUR PR13 -32.3797 20.8117 -2.8426 36.4792 3657.01054512183 450 5 L 3.13786899241256 0.0217801593712125
SUR MAPH -32.3797 20.8117 -22.25 35.08 1800.77728591431 3636 5 L 3.18214107589043 0.00418198639729543
SUR SENA -32.3797 20.8117 -17.445 35.032 2186.21771711411 3198 5 L 3.10694165855021 0.0616443485085685
SUR NAPU -32.3797 20.8117 -15.08 39.25 2675.51969415433 3012 5 L 3.93966101016107 0.0354455730967329
SUR MSGR -32.3797 20.8117 -23.83 32.18 1463.04516386585 2748 5 L 3.41062909005951 0.0984349416984452
SUR MOCU -32.3797 20.8117 -16.86 36.83 2357.32891626274 1824 5 L 3.94557918903526 0.0676644678433539
SUR TETE -32.3797 20.8117 -16.13 33.57 2213.37153699957 1344 5 L 3.98830226231329 0.0766831387216594
SUR KADO -32.3797 20.8117 7.29486 38.65477 4781.45056216451 3540 5 L 3.33669926439148 0.0662381860399481
SUR CHEF -32.3797 20.8117 7.14898 38.43211 4757.20484962766 3534 5 L 3.24416528679028 0.0295507250831597
SUR CORB -32.3797 20.8117 7.22324 38.38504 4762.85491526523 3534 5 L 3.6801783712305 0.0527846830418798
SUR SPEC -32.3797 20.8117 7.15237 38.500992 4760.42703449816 3534 5 L 3.41159351340753 0.0602638218036397
SUR TULL -32.3797 20.8117 8.18142 39.058128 4889.05655445176 3534 5 L 3.75052005592374 0.0583533174261959
SUR BETI -32.3797 20.8117 7.19412 38.41172 4760.97985244892 3528 5 L 3.55179251493597 0.0583570618757714
SUR HABU -32.3797 20.8117 7.73701 38.726318 4829.6879668204 3528 5 L 3.51181991995848 0.00825927269986994
SUR ULAR -32.3797 20.8117 8.1435 39.077991 4886.01716795338 3522 5 L 3.71957013485949 0.0996156111296869
SUR GULA -32.3797 20.8117 7.84467 38.72617 4840.70316834277 3510 5 L 3.35453430495692 0.0971258815183406
SUR BESH -32.3797 20.8117 7.89624 38.928089 4854.43351289842 3504 5 L 3.34644876130036 0.0886543861760306
SUR WOND -32.3797 20.8117 7.09803 38.631409 4760.33996197161 3498 5 L 3.45469486499191 0.0413427289020815
SUR GRIM -32.3797 20.8117 7.16118 38.394749 4756.89925366465 3396 5 L 3.2177320683573 0.0125654587362626
SUR SAGU -32.3797 20.8117 7.76035 39.160759 4850.40378666531 3330 5 L 3.30891459356682 0.0726104431664832
SUR HAWA -32.3797 20.8117 7.05183 38.501701 4750.16652306411 3306 5 L 3.78287207297912 0.0693787614986897
SUR OGOL -32.3797 20.8117 8.04029 39.014141 4872.77960027435 3216 5 L 3.00980225226306 0.084321333801051
SUR ODAS -32.3797 20.8117 8.12327 38.964619 4879.18331628707 3144 5 L 3.92233199779628 0.0770954220673924
SUR BEKO -32.3797 20.8117 7.54153 39.259369 4832.3178614441 3084 5 L 3.04265985593505 0.0378186137050219
SUR POWR -32.3797 20.8117 7.78835 38.793758 4837.76251530379 3048 5 L 3.70433962448337 0.0729513045504647
SUR ITTE -32.3797 20.8117 8.12581 39.226139 4890.47532385631 2976 5 L 3.22427707066451 0.0269054731773365
SUR ASSE -32.3797 20.8117 7.93739 39.128651 4867.1060874796 2928 5 L 3.67303116500412 0.0477492197726861
SUR BRRR -32.3797 20.8117 7.19894 38.476089 4764.15493680071 2898 5 L 3.62371641266744 0.023644493264091
SUR GOND -32.3797 20.8117 8.04166 39.194618 4880.54847381714 2256 5 L 3.17712375449832 0.0829643385697585
SUR YIRG -32.3797 20.8117 6.74371 38.389919 4713.95163595771 2256 5 L 3.76692166793526 0.093447827311827
SUR MILA -32.3797 20.8117 7.12967 38.434429 4755.32386042444 2238 5 L 3.10788890508436 0.0182227505601056
SUR ANOL -32.3797 20.8117 8.18231 39.180901 4894.32687504827 2214 5 L 3.09909528242246 0.0489763801923447
SUR SHAS -32.3797 20.8117 7.20504 38.602951 4770.08749280395 2190 5 L 3.19324533046887 0.0895891573792568
SUR OHIT -32.3797 20.8117 7.71629 38.757702 4828.87986933502 1884 5 L 3.09908964968181 0.00441655717626611
SUR AJEE -32.3797 20.8117 7.25954 38.302601 4763.16167690727 1440 5 L 3.55729515580476 0.0772495067187624
SUR TATA -32.3797 20.8117 7.2604 38.443981 4769.11205558884 1398 5 L 3.31194005749627 0.0178982479314335
SUR ADEP -32.3797 20.8117 7.77344 38.883831 4840.01732063697 1344 5 L 3.33895567824772 0.0210145637043552
SUR CHKA -32.3797 20.8117 8.25696 39.220718 4903.63467373642 1338 5 L 3.51015251976525 0.0906364323265215
SUR SANK -32.3797 20.8117 7.19784 38.270828 4755.52089284034 1296 5 L 3.62892393865232 0.0101533888812312
SUR FINH -32.3797 20.8117 6.9666 38.46207 4739.78439215037 1290 5 L 3.39085475272635 0.00546166152236576
SUR DORE -32.3797 20.8117 7.03129 38.3615 4742.20891751047 1116 5 L 3.50128291320322 0.0431721171884247
SUR HURT -32.3797 20.8117 8.12121 39.12833 4885.86386422951 1086 5 L 3.99756034951219 0.0811602580995323
SUR JIMA -32.3797 20.8117 8.30641 38.998329 4899.32917050197 834 5 L 3.48565166989802 0.0894447755567393
SUR GALU -32.3797 20.8117 7.80116 38.7672 4837.96222407187 816 5 L 3.13754659476706 0.0390004914445285
SUR JIRE -32.3797 20.8117 8.24042 38.933029 4889.84647415264 732 5 L 3.92735622499812 0.0917493832416117
SUR GEBI -32.3797 20.8117 8.21852 39.106339 4894.87808662158 672 5 L 3.71357401159432 0.061833738362194
SUR URJI -32.3797 20.8117 7.18714 38.378971 4758.90346808358 648 5 L 3.34328789024135 0.093602732668977
SUR TAKO -32.3797 20.8117 7.2485 38.474442 4769.16154911636 138 5 L 3.12477404066049 0.0730585361505707
SUR ABSA -32.3797 20.8117 36.276501 7.4734 7726.2504732225 3402 5 L 3.64647743242581 0.0833151985669295
SUR CDLV -32.3797 20.8117 29.163099 13.4439 6855.67609857675 2958 5 L 3.39828222821878 0.0749822209360636
SUR MARJ -32.3797 20.8117 32.522598 20.8776 7183.76481440449 1644 5 L 3.83522051047813 0.0322460397362259
SUR GHAR -32.3797 20.8117 32.122398 13.0885 7185.44108162264 1308 5 L 3.55226161685836 0.0979129132433892
SUR TEND -32.3797 20.8117 11.792539 41.004322 5339.93412986059 3390 5 L 3.5493085330183 0.0330423609606603
SUR DMRK -32.3797 20.8117 10.308 37.729 5055.05411986962 3270 5 L 3.61947155517778 0.0360636571002203
SUR JIMA -32.3797 20.8117 7.684 36.831 4748.59045383628 2928 5 L 3.75650954350194 0.041390074869019
SUR GOBA -32.3797 20.8117 7.027 39.982 4811.82134220904 2166 5 L 3.49234510438494 0.069474323313261
SUR ARBA -32.3797 20.8117 6.067184 37.556407 4610.09228118653 2136 5 L 3.97273388507978 0.0327754960493407
SUR NEKE -32.3797 20.8117 9.08898 36.523471 4883.43706408992 2130 5 L 3.83780318307858 0.0739072227273528
SUR TERC -32.3797 20.8117 7.144612 37.174725 4705.95036093119 1980 5 L 3.95417445637954 0.00319226295039784
SUR BELA -32.3797 20.8117 6.928625 38.470229 4736.2402647142 1974 5 L 3.35686898618254 0.0662653834287214
SUR FICH -32.3797 20.8117 9.782224 38.737162 5040.05622458899 1920 5 L 3.28150155914849 0.0230383067317464
SUR DELE -32.3797 20.8117 8.439315 36.325854 4808.43557480503 1908 5 L 3.71112855118032 0.0624572916993309
SUR WASH -32.3797 20.8117 8.989513 40.165893 5018.81230991491 1908 5 L 3.59060865291964 0.0660437966312602
SUR SELA -32.3797 20.8117 7.9729 39.131691 4870.86033412449 1752 5 L 3.04755467311387 0.0348784808510059
SUR BDAR -32.3797 20.8117 9.672092 39.525387 5061.06656080092 1722 5 L 3.45134058035574 0.0240904997120111
SUR TALE -32.3797 20.8117 0.979211 34.976029 3981.93283843483 1716 5 L 3.71504501329618 0.0856182292006288
SUR WANE -32.3797 20.8117 10.169354 40.649086 5159.64484207729 1704 5 L 3.28150769511855 0.0731050829723742
SUR DIYA -32.3797 20.8117 11.834259 39.595639 5285.65635899789 1692 5 L 3.13776289251952 0.0836722781749717
SUR HIRN -32.3797 20.8117 9.222361 41.10588 5084.02161402026 1674 5 L 3.13860171574236 0.0588209385389494
SUR KARA -32.3797 20.8117 10.422352 39.934849 5154.9040517989 1596 5 L 3.36615680045494 0.0806759544661106
SUR BAHI -32.3797 20.8117 11.57426 37.393382 5174.37211709187 1584 5 L 3.50378078577616 0.0489594338723354
SUR AAUS -32.3797 20.8117 9.035 38.767 4964.44682967709 1518 5 L 3.87704872338504 0.0353141812938956
SUR GUDE -32.3797 20.8117 8.966508 37.765213 4917.43748644002 1410 5 L 3.44944355657175 0.0963530286843427
SUR HOSA -32.3797 20.8117 7.563968 37.857257 4776.30076440696 1410 5 L 3.04229779791454 0.0972958334140635
SUR KAKA -32.3797 20.8117 0.558692 34.796258 3931.36220238529 1296 5 L 3.18920684312238 0.0667120300040075
SUR NAZA -32.3797 20.8117 8.567957 39.290703 4938.35450026241 1278 5 L 3.58643961467892 0.0675112416405115
SUR HERO -32.3797 20.8117 7.026308 39.276914 4780.6397434523 1038 5 L 3.36102204919466 0.0620278427071086
SUR CHEF -32.3797 20.8117 6.16128 38.210143 4646.81306109092 1026 5 L 3.81115088510029 0.00192574774141414
SUR KR42 -32.3797 20.8117 0.037997 35.726285 3915.63081264842 1014 5 L 3.0838735082829 0.097480166718489
SUR NARO -32.3797 20.8117 -1.073276 35.865423 3808.13156720987 798 5 L 3.65134953241535 0.0231237816164352
SUR BUTA -32.3797 20.8117 8.117087 38.382372 4854.46389277065 792 5 L 3.40349114312459 0.012202051825213
SUR WELK -32.3797 20.8117 8.294598 37.781794 4848.64506599639 750 5 L 3.26843882139728 0.0257846170112605
SUR BARI -32.3797 20.8117 0.466233 35.980567 3970.17495750778 720 5 L 3.33166523874263 0.0152234012862946
SUR KITU -32.3797 20.8117 -1.373014 38.002077 3876.50953937526 720 5 L 3.34800765971611 0.0121658454307726
SUR ANGA -32.3797 20.8117 -2.5 36.8 3706.42022013193 492 5 L 3.88415305774966 0.00942783900641461
SUR BIRH -32.3797 20.8117 9.672332 39.525336 5061.08897660024 318 5 L 3.93004062610749 0.0399019969034556
SUR BOKO -32.3797 20.8117 -2.255681 37.729881 3775.5256869514 132 5 L 3.04740146202915 0.034237350316074
SUR NDEI -32.3797 20.8117 -2.692823 38.168715 3754.15024694589 60 5 L 3.73596615888016 0.0794682157333805
SUR KIBO -32.3797 20.8117 -2.255696 37.729884 3775.5243454461 42 5 L 3.54490589824467 0.0686223462984041
SUR WELI -32.3797 20.8117 8.533985 37.982224 4881.28404140063 0 5 L 3.8936326959336 0.00547917899197324
SUR TORO -32.3797 20.8117 10.055 9.12 4857.78088406723 3018 5 L 3.30366137971702 0.00461915563315478
SUR KAD -32.3797 20.8117 10.435 7.6414 4940.78766491802 576 5 L 3.1954767636338 0.0720165802516526
SUR IFE -32.3797 20.8117 7.55 4.547 4744.09223960786 546 5 L 3.7217532734993 0.0877799071151527
SUR NSU -32.3797 20.8117 6.867 7.417 4569.81112113579 540 5 L 3.58243296448741 0.007068433538665
SUR AWK -32.3797 20.8117 6.243 7.112 4514.27891264255 276 5 L 3.92274457018909 0.0800372092351107
SUR MANG -32.3797 20.8117 -7.1981 38.7733 3351.4528608829 2952 5 L 3.28594685642036 0.0543663232841362
SUR KIMA -32.3797 20.8117 -8.9199 39.5141 3235.04956239463 2820 5 L 3.98477623697061 0.0715678067126621
SUR CHAL -32.3797 20.8117 -6.6403 38.367 3381.44803343425 2646 5 L 3.83896959733 0.0433260561007948
SUR WALE -32.3797 20.8117 -9.7896 37.917 3058.36496562822 2442 5 L 3.47062471560654 0.0560713411044556
SUR MOHO -32.3797 20.8117 -8.1426 39.1832 3286.86726160585 2022 5 L 3.269091543531 0.0749018467641946
SUR IFAK -32.3797 20.8117 -8.1397 36.6828 3145.19083802758 2010 5 L 3.50388777346049 0.0646809666272781
SUR INDI -32.3797 20.8117 -10.0167 39.7149 3147.74234671135 1812 5 L 3.30774558203094 0.0138724636078145
SUR MTWA -32.3797 20.8117 -10.2776 40.194 3155.02395327124 1692 5 L 3.47557293379756 0.0362459280818746
SUR LIRA -32.3797 20.8117 2.1096 33.0643 4029.97916076218 2904 5 L 3.78811342839855 0.078029582084411
SUR KABG -32.3797 20.8117 3.5104 34.1433 4214.49281307272 2892 5 L 3.66851221425354 0.0133503859661312
SUR KUMI -32.3797 20.8117 1.4769 33.8648 3991.62955990575 2886 5 L 3.0215558872035 0.055984070587251
SUR NAPK -32.3797 20.8117 2.3692 34.3775 4103.55498380444 2880 5 L 3.30081901806949 0.0939409713873458
SUR KITG -32.3797 20.8117 3.292 32.8798 4148.67938921157 2850 5 L 3.98090363604686 0.0286620388894259
SUR KOTD -32.3797 20.8117 3.0002 34.1104 4159.85862230239 2466 5 L 3.80082028695153 0.0896111351432604
SUR AMDT -32.3797 20.8117 1.9487 34.9358 4080.79658640984 2364 5 L 3.59752657681783 0.088401673572382
SUR GULU -32.3797 20.8117 2.8778 32.2848 4085.83762155335 2250 5 L 3.94373154119579 0.0549158087419903
SUR LANG -32.3797 20.8117 2.7402 33.5637 4113.39926828649 1926 5 L 3.72838682459436 0.057675829785801
SUR MEKE -32.3797 20.8117 8.16227 38.833 4877.6741468554 2730 5 L 3.02585747108314 0.0446530978284814
SUR NURE -32.3797 20.8117 8.73121 39.795551 4976.51941370037 2718 5 L 3.64630195735066 0.0521202952672418
SUR DONE -32.3797 20.8117 8.50899 39.5504 4943.36952485344 2712 5 L 3.37231266077951 0.0937134666341562
SUR AREE -32.3797 20.8117 8.93852 39.4188 4981.61086884989 2700 5 L 3.82953282452652 0.0849085479954455
SUR DIKE -32.3797 20.8117 8.06273 39.55658 4898.18286647583 2676 5 L 3.37253423989954 0.059318457521849
SUR SENE -32.3797 20.8117 9.14664 39.016602 4986.14260729177 2676 5 L 3.87255256464756 0.0933501608507105
SUR ADUE -32.3797 20.8117 8.54035 38.901901 4919.26152805825 2664 5 L 3.66846427436138 0.0206776457935105
SUR MECE -32.3797 20.8117 8.59378 40.3241 4985.60232090081 2598 5 L 3.65385059206259 0.00720515512206499
SUR ANKE -32.3797 20.8117 9.59273 39.733898 5061.71591642022 2592 5 L 3.40672691508936 0.0666931533207499
SUR ADEE -32.3797 20.8117 7.79093 39.906799 4885.8292603606 2580 5 L 3.93372565954593 0.0810950032238265
SUR MIEE -32.3797 20.8117 9.2416 40.758099 5070.40548059033 2562 5 L 3.48454827183499 0.0756749210065512
SUR BORE -32.3797 20.8117 8.74585 39.55397 4967.67086031412 2556 5 L 3.41704745374277 0.0971785992989294
SUR MELE -32.3797 20.8117 9.3106 40.200802 5052.95180984932 2544 5 L 3.98797470123083 0.0864147529031203
SUR CHAE -32.3797 20.8117 9.31181 38.762402 4992.69689247413 2538 5 L 3.38888377591243 0.0454741828039112
SUR GTFE -32.3797 20.8117 9.00342 39.837601 5006.0409078295 2502 5 L 3.24668719763808 0.0784423093024177
SUR BEDE -32.3797 20.8117 8.90862 40.771042 5037.31532456272 2484 5 L 3.88283760558305 0.0913711681293018
SUR KOTE -32.3797 20.8117 9.38748 39.396099 5026.55388968434 2472 5 L 3.55828492362228 0.0598868102746205
SUR AMME -32.3797 20.8117 8.30312 39.09343 4902.98177002692 2442 5 L 3.14887672033755 0.0899713484535739
SUR INEE -32.3797 20.8117 9.89537 39.143101 5068.14210550761 2340 5 L 3.45039358065212 0.0205672339463963
SUR GEWE -32.3797 20.8117 10.006 40.574299 5139.8072169918 2232 5 L 3.89965099050908 0.0762585539373227
SUR SHEE -32.3797 20.8117 9.99959 39.8946 5110.0361119442 2016 5 L 3.8824863074003 0.0284950218024821
SUR LEME -32.3797 20.8117 8.61148 38.609509 4914.52081394931 1956 5 L 3.67322598645226 0.0664279904418051
SUR DZEE -32.3797 20.8117 8.78027 38.995899 4947.7388592491 1926 5 L 3.12281499389953 0.0407318423056813
SUR AWAE -32.3797 20.8117 8.9895 40.16589 5018.81085894889 1212 5 L 3.27528695131569 0.0716669740639142
SUR ASEE -32.3797 20.8117 7.97292 39.131729 4870.86398650574 714 5 L 3.28338438162894 0.0896198856849496
SUR KARE -32.3797 20.8117 10.42237 39.934879 5154.9071495989 576 5 L 3.82657889231356 0.0390026512813998
SUR BUTE -32.3797 20.8117 8.11703 38.38237 4854.45795499323 546 5 L 3.49790294296419 0.0694805192672494
SUR HIRE -32.3797 20.8117 9.22214 41.105911 5084.00071768182 240 5 L 3.83436900109994 0.0609629689675732
SUR DEBE -32.3797 20.8117 8.78027 38.995899 4947.7388592491 66 5 L 3.57473716085641 0.0326042170922791
SUR WOLE -32.3797 20.8117 8.53394 37.98222 4881.27924022688 12 5 L 3.45642460085175 0.0713795583233135
SUR AMEE -32.3797 20.8117 8.30312 39.09343 4902.98177002692 0 5 L 3.884405045276 0.0720855670816932
SUR KALA -32.3797 20.8117 -8.13374 30.97015 2882.51075239308 2610 5 L 3.01861277472639 0.0674776467128286
SUR KISA -32.3797 20.8117 -7.19005 31.02309 2982.74280831152 2598 5 L 3.43850882423651 0.043782017916627
SUR SITA -32.3797 20.8117 -6.61924 31.142731 3046.68580024279 2592 5 L 3.11703681950566 0.0814681689518582
SUR LAEA -32.3797 20.8117 -8.57677 32.042221 2879.24175671536 2574 5 L 3.32485543863051 0.0246228114234641
SUR NAMA -32.3797 20.8117 -7.62361 30.659229 2924.23347811936 2574 5 L 3.34271322112328 0.0375692140009588
SUR SUMA -32.3797 20.8117 -7.96386 31.625191 2925.37595959383 2568 5 L 3.54655379308296 0.0561920154265977
SUR CHAA -32.3797 20.8117 -7.59109 31.270399 2950.2381781999 2502 5 L 3.395822228624 0.0398130879531336
SUR KARA -32.3797 20.8117 -6.82163 30.439369 3000.53056114654 2442 5 L 3.51536721921157 0.0657530542095911
SUR NEMA -32.3797 20.8117 -7.52009 31.044189 2949.12594680571 2430 5 L 3.95091519826496 0.0722348514327498
SUR KASA -32.3797 20.8117 -8.43832 31.147261 2857.65000478202 2274 5 L 3.40007974536234 0.083187133932981
SUR KOLA -32.3797 20.8117 -7.16871 30.537491 2967.5193340091 2160 5 L 3.13433834172871 0.00604667719398284
SUR KIPA -32.3797 20.8117 -7.43221 30.591049 2941.81100596984 2064 5 L 3.08424705231466 0.0163898318329708
SUR NINA -32.3797 20.8117 -7.68887 30.72414 2919.764579574 1668 5 L 3.32421992029405 0.0301726777204647
SUR ABAE -32.3797 20.8117 13.35282 39.762711 5448.59628747493 2106 5 L 3.01168099113034 0.0539905093849625
SUR SEME -32.3797 20.8117 11.79179 41.003441 5339.82020352907 1830 5 L 3.09537269262782 0.0146514856442232
SUR TERE -32.3797 20.8117 12.4832 40.314362 5381.47857504073 1542 5 L 3.63114120701495 0.0859320411428785
SUR SILE -32.3797 20.8117 12.40695 41.187901 5410.28884340488 1344 5 L 3.97422163123871 0.0570838427472184
SUR BOSE -32.3797 20.8117 12.64206 40.524311 5406.39282457814 942 5 L 3.99685021457495 0.0553541573495533
SUR AFDE -32.3797 20.8117 13.20733 40.85717 5477.9816347955 840 5 L 3.51545845484033 0.0330682065990267
SUR BOVE -32.3797 20.8117 12.65701 40.521172 5407.79255999619 498 5 L 3.4300017983934 0.0491806253603745
SUR BOOE -32.3797 20.8117 12.67527 40.523079 5409.7395639631 432 5 L 3.07103708391295 0.0887739215532716
SUR AWRE -32.3797 20.8117 12.06597 40.071541 5328.76862895669 246 5 L 3.06463359105087 0.0436184955731448
SUR SING -32.3797 20.8117 -4.6403 34.7315 3396.00161512542 2034 5 L 3.82662950661889 0.0394534684233034
SUR MTOR -32.3797 20.8117 -5.2508 35.4007 3365.04956855115 1932 5 L 3.61347488170526 0.0818640735082209
SUR KIBE -32.3797 20.8117 -5.3775 37.4763 3455.34676728934 1920 5 L 3.88623503906261 0.0931111627487221
SUR KOND -32.3797 20.8117 -4.904 35.7965 3418.4310142309 1710 5 L 3.19078464800912 0.0258582251418772
SUR MITU -32.3797 20.8117 -6.0192 34.056 3226.29723021652 1656 5 L 3.8978656848403 0.0593361860386109
SUR TARA -32.3797 20.8117 -3.8892 36.0163 3530.37972194363 1572 5 L 3.50384008184685 0.0612809588835559
SUR KIBA -32.3797 20.8117 -5.3223 36.5695 3414.51043690454 1500 5 L 3.81942224223188 0.0531889169492926
SUR RUNG -32.3797 20.8117 -6.9372 33.518 3109.4734364825 1350 5 L 3.20207509654843 0.0453893465680522
SUR PAND -32.3797 20.8117 -8.9835 33.2415 2890.28724218872 1320 5 L 3.42791091982017 0.0966052749611999
SUR LONG -32.3797 20.8117 -2.7252 36.6983 3679.07244660561 1272 5 L 3.62005505413347 0.0695389951918004
SUR GOMA -32.3797 20.8117 -4.8392 29.6927 3186.06158647411 1260 5 L 3.72016461201798 0.0346895190287614
SUR TUND -32.3797 20.8117 -9.2958 32.7712 2837.5381377287 1212 5 L 3.51699042052531 0.0556694632012102
SUR MBWE -32.3797 20.8117 -4.961 34.3462 3346.46061129615 1164 5 L 3.15649521911404 0.0562056045561775
SUR PUGE -32.3797 20.8117 -4.7145 33.1842 3322.75153065216 1128 5 L 3.69480328910846 0.0426455535710237
SUR AMBA -32.3797 20.8117 -8.106 33.2588 2979.58194697273 1050 5 L 3.83627042067631 0.0731387066161933
SUR INZA -32.3797 20.8117 -5.1168 30.3988 3178.8286021279 960 5 L 3.36003104208577 0.0454212371853399
SUR KOMO -32.3797 20.8117 -3.8422 36.7192 3568.5861765874 948 5 L 3.38638989859217 0.0775554642250535
SUR MTAN -32.3797 20.8117 -7.9073 33.3203 3002.42264193174 894 5 L 3.73427110568594 0.0430277845074156
SUR HALE -32.3797 20.8117 -5.3018 38.617 3523.56726736986 816 5 L 3.69375257413391 0.094521348716846
SUR URAM -32.3797 20.8117 -5.0878 32.0832 3241.13600400333 768 5 L 3.78423259823174 0.0705571858131069
SUR BASO -32.3797 20.8117 -4.3238 35.1382 3446.24334476393 438 5 L 3.10933423952435 0.0389930657156485
SUR TATN -32.3797 20.8117 32.5787 10.5292 7270.71487107234 1062 5 L 3.59090473040534 0.0459380047966325
SUR AAIR -32.3797 20.8117 -9.9546 33.8955 2824.33671803884 384 5 L 3.05033998673895 0.0228687584020221
SUR SCH -32.3797 20.8117 -10.1757 34.0324 2809.25244986938 66 5 L 3.8341890610569 0.0015644692696527
SUR BB32 -32.3797 20.8117 -28.8146 24.9778 561.892321523472 360 5 L 3.86371086505587 0.00780690530324343
SUR BB01 -32.3797 20.8117 -28.307 24.7542 589.41606693333 0 5 L 3.66904259008156 0.0500211324281102
SUR BB02 -32.3797 20.8117 -28.3823 24.5885 572.74365989494 0 5 L 3.21799379875015 0.0571615725404089
SUR BB03 -32.3797 20.8117 -28.408 24.6248 572.737244000234 0 5 L 3.12218915092342 0.0671166232988653
SUR BB04 -32.3797 20.8117 -28.4045 24.5895 570.87814867745 0 5 L 3.59958554812281 0.00559761573877905
SUR BB05 -32.3797 20.8117 -28.4412 24.5798 567.107649743352 0 5 L 3.05634301854336 0.015250063700247
SUR BB06 -32.3797 20.8117 -28.4521 24.6241 568.894317793306 0 5 L 3.01962106676558 0.0435175545696952
SUR BB07 -32.3797 20.8117 -28.4161 24.6923 576.210698301257 0 5 L 3.83222147528282 0.0617390171454084
SUR BB08 -32.3797 20.8117 -28.4285 24.6288 571.215408008078 0 5 L 3.52012941531074 0.0863868222933611
SUR BB09 -32.3797 20.8117 -28.4494 24.6377 569.967582953632 0 5 L 3.09769791816144 0.0908052203186769
SUR BB10 -32.3797 20.8117 -28.4494 24.7542 577.243345018545 0 5 L 3.10801669413676 0.0516996758096945
SUR BB11 -32.3797 20.8117 -28.467 24.5471 562.873583354352 0 5 L 3.14315602208358 0.0559370572403004
SUR BB12 -32.3797 20.8117 -28.5288 24.7108 567.777296661189 0 5 L 3.00457962394732 0.0766681998621487
SUR BB13 -32.3797 20.8117 -28.5394 24.7355 568.449880910055 0 5 L 3.84870922645828 0.0916821270253738
SUR BB14 -32.3797 20.8117 -28.5404 24.6768 564.647311949257 0 5 L 3.98696827478366 0.0505133101798823
SUR BB15 -32.3797 20.8117 -28.5825 24.8975 575.310227356178 0 5 L 3.27142162441752 0.0100750511921236
SUR BB16 -32.3797 20.8117 -28.5801 24.539 552.639082030776 0 5 L 3.50784883082954 0.0585609125701878
SUR BB17 -32.3797 20.8117 -28.5595 24.7077 564.989057791414 0 5 L 3.76288709591074 0.00829626491105439
SUR BB18 -32.3797 20.8117 -28.6702 24.9376 570.780544177519 0 5 L 3.66159619308271 0.0516979014706213
SUR BB19 -32.3797 20.8117 -28.602 24.8324 569.453875200193 0 5 L 3.17104801752545 0.0938557864331842
SUR BB20 -32.3797 20.8117 -28.6327 24.6847 557.369743223413 0 5 L 3.59048317714257 0.044063468076084
SUR BB21 -32.3797 20.8117 -28.6256 24.6711 557.096826167077 0 5 L 3.94191893031128 0.0655913820257141
SUR BB22 -32.3797 20.8117 -28.6306 24.7844 563.966830571609 0 5 L 3.45194570926039 0.0839697420719669
SUR BB23 -32.3797 20.8117 -28.6453 24.8238 565.315614794673 0 5 L 3.53262350247435 0.0553887065791275
SUR BB24 -32.3797 20.8117 -28.6427 24.6323 553.18788359403 0 5 L 3.68006553008336 0.0367189905317367
SUR BB25 -32.3797 20.8117 -28.6718 24.8834 567.056828056658 0 5 L 3.23929060619355 0.0578923492459094
SUR BB26 -32.3797 20.8117 -28.6718 24.968 572.677117384881 0 5 L 3.86688705467251 0.0406776760215226
SUR BB27 -32.3797 20.8117 -28.6743 24.5217 543.526237611292 0 5 L 3.11261514102505 0.0443845836726957
SUR BB28 -32.3797 20.8117 -28.6946 24.5613 544.306786675173 0 5 L 3.3001844012139 0.0401386853814493
SUR BB29 -32.3797 20.8117 -28.7047 24.8436 561.740511013478 0 5 L 3.83336356345313 0.0403628662773607
SUR BB30 -32.3797 20.8117 -28.7963 24.8662 555.81229053598 0 5 L 3.39017593813061 0.0360448893378945
SUR BB31 -32.3797 20.8117 -28.7937 24.9256 560.017732605621 0 5 L 3.14025535926944 0.026013019411244
SUR MTOR -32.3797 20.8117 28.4948 -9.8487 7477.09927814611 276 5 L 3.08681510086583 0.0429397337085805
SUR LWND -32.3797 20.8117 -2.7454 36.0408 3646.52184893449 54 5 L 3.25728278476986 0.0297555384151118
SUR GLUM -32.3797 20.8117 -2.6215 36.1867 3665.68406180596 0 5 L 3.42485841170463 0.0119207259421287
SUR KERM -32.3797 20.8117 -2.8265 35.9794 3635.54277893248 0 5 L 3.49506692380046 0.070640722753756
SUR BROLN -32.3797 20.8117 -21.09967 27.33424 1407.36109873713 0 5 L 3.24357337268095 0.0785070081934006
SUR BTLPN -32.3797 20.8117 -18.78417 25.196014 1568.77397523626 0 5 L 3.07408957686093 0.0393883426981697
SUR CKGRV -32.3797 20.8117 -21.40355 23.771767 1251.0607179172 0 5 L 3.00339412296431 0.0220676891933024
SUR GMARE -32.3797 20.8117 -19.3893 22.162458 1445.50161143723 0 5 L 3.0013005687006 0.0189179670994735
SUR GRTLG -32.3797 20.8117 -21.36191 21.215712 1221.46640668766 0 5 L 3.14248405482097 0.0268075999123376
SUR KDWAN -32.3797 20.8117 -23.38039 24.660793 1066.62813907401 0 5 L 3.17489206533578 0.0138648971592595
SUR KGCAE -32.3797 20.8117 -22.85382 22.206787 1064.51484378478 0 5 L 3.59888561036786 0.0901057905682726
SUR KHWEE -32.3797 20.8117 -21.9464 25.446911 1243.59565047475 0 5 L 3.93937976588424 0.0221184455939078
SUR KOOLE -32.3797 20.8117 -22.99306 20.19555 1041.95539548777 0 5 L 3.48267137539641 0.0376011115924755
SUR KSANE -32.3797 20.8117 -17.80017 25.161894 1673.12742127744 0 5 L 3.52378003696587 0.026487259354859
SUR LKGWB -32.3797 20.8117 -24.11351 21.782303 921.019186882866 0 5 L 3.06835722047083 0.0436327077480103
SUR LPHEP -32.3797 20.8117 -23.36303 25.859613 1115.60606673699 0 5 L 3.173853037365 0.00261071081549049
SUR MAKGR -32.3797 20.8117 -25.81185 24.800846 824.870067143111 0 5 L 3.95467827408045 0.0430596519859417
SUR MREMI -32.3797 20.8117 -22.56967 27.446816 1268.76797829672 0 5 L 3.96155857310366 0.0762414484002993
SUR PHDHD -32.3797 20.8117 -20.19568 24.537193 1399.93989230142 0 5 L 3.00734866110285 0.0680038640460139
SUR PHPEN -32.3797 20.8117 -25.47553 22.857294 790.734523499163 0 5 L 3.70595075424888 0.0645128786607383
SUR QNGWA -32.3797 20.8117 -19.52956 21.174 1424.12856134163 0 5 L 3.55230984450773 0.021810872978328
SUR SKOMA -32.3797 20.8117 -24.51534 23.932789 923.498401851806 0 5 L 3.77236621361304 0.022802832360045
SUR SLIND -32.3797 20.8117 -18.62088 23.500484 1547.84719140665 0 5 L 3.37086471897341 0.0890928821025695
SUR SOOWA -32.3797 20.8117 -20.56285 26.21785 1415.26354401108 0 5 L 3.85637690772826 0.0402433549813444
SUR XAUDM -32.3797 20.8117 -18.53956 21.338222 1534.16175032427 0 5 L 3.31801911749674 0.060863543063499
SUR TOA1 -32.3797 20.8117 13.1529 1.6919 5434.71374257198 0 5 L 3.91019522669448 0.0909098187800882
SUR TOA2 -32.3797 20.8117 13.1477 1.7004 5433.83965278189 0 5 L 3.59159440890744 0.0332571407335551
SUR TOA3 -32.3797 20.8117 13.1422 1.6933 5433.5572354081 0 5 L 3.85306362920992 0.0442397893041165
SUR TOB1 -32.3797 20.8117 13.1613 1.6934 5435.51794841103 0 5 L 3.90435547821794 0.00331794059521274
SUR TOB2 -32.3797 20.8117 13.1532 1.7071 5434.13817701051 0 5 L 3.53242648250013 0.0716497346504382
SUR TOB3 -32.3797 20.8117 13.1376 1.7042 5432.64906572559 0 5 L 3.17930184382179 0.0336532925801063
SUR TOB4 -32.3797 20.8117 13.1386 1.6838 5433.56623649859 0 5 L 3.18771294857527 0.0321927183182924
SUR TOB5 -32.3797 20.8117 13.1536 1.6806 5435.23684059397 0 5 L 3.40385671123021 0.0548566299856964
SUR TORD -32.3797 20.8117 13.1477 1.6947 5434.0671045817 0 5 L 3.04873859278227 0.0552732133178943
SUR SFS2 -32.3797 20.8117 35.1837 -2.4304 7863.27806456215 0 5 L 3.2748114048375 0.0241501741734112
